   0   320  0.35   3.7 
   0   311  0.34   3.8 
   0   297  0.35   4.0 
   0   287  0.36   4.2 
   0   270  0.39   4.4 
   0   271  0.38   4.4 
   0   288  0.38   4.1 
   0   255  0.40   4.7 
   0   277  0.38   4.3 
   0   280  0.36   4.3 
   0   271  0.38   4.4 
   0   260  0.39   4.6 
   0   270  0.39   4.4 
   0   272  0.35   4.4 
   0   258  0.39   4.6 
   0   271  0.38   4.4 
   0   284  0.34   4.2 
   0   266  0.38   4.5 
   0   273  0.34   4.4 
   0   263  0.38   4.5 
   0   256  0.37   4.7 
   0   288  0.30   4.2 
   0   279  0.31   4.3 
   0   281  0.28   4.3 
   0   285  0.27   4.2 
   0   293  0.26   4.1 
   0   287  0.26   4.2 
   0   275  0.29   4.3 
   0   283  0.27   4.2 
   0   284  0.25   4.2 
   0   305  0.23   3.9 
   0   294  0.21   4.1 
   0   296  0.23   4.0 
   0   288  0.22   4.1 
   0   295  0.22   4.0 
   0   295  0.21   4.1 
   0   294  0.21   4.1 
   0   279  0.22   4.3 
   0   304  0.21   3.9 
   0   300  0.20   4.0 
   0   297  0.20   4.0 
   0   330  0.17   3.6 
   0   306  0.20   3.9 
   0   338  0.19   3.5 
   0   330  0.19   3.6 
   0   343  0.20   3.5 
   0   332  0.21   3.6 
   0   345  0.20   3.5 
   0   354  0.21   3.4 
   0   326  0.23   3.7 
   0   330  0.22   3.6 
   0   338  0.23   3.5 
   0   351  0.22   3.4 
   0   333  0.22   3.6 
   0   353  0.20   3.4 
   0   335  0.22   3.6 
   0   336  0.21   3.6 
   0   354  0.22   3.4 
   0   348  0.22   3.4 
   0   360  0.22   3.3 
   0   348  0.22   3.4 
   0   366  0.20   3.3 
   0   347  0.20   3.4 
   0   327  0.20   3.7 
   0   338  0.20   3.5 
   0   336  0.19   3.6 
   0   349  0.18   3.4 
   0   365  0.18   3.3 
   0   414  0.19   2.9 
   0   432  0.19   2.8 
   0   447  0.19   2.7 
   0   445  0.19   2.7 
   0   455  0.17   2.6 
   0   421  0.17   2.8 
   0   443  0.18   2.7 
   0   476  0.18   2.5 
   0   496  0.18   2.4 
   0   480  0.20   2.5 
   0   497  0.21   2.4 
   0   507  0.19   2.4 
   0   490  0.19   2.4 
   0   493  0.20   2.4 
   0   504  0.21   2.4 
   0   497  0.20   2.4 
   0   483  0.19   2.5 
   0   479  0.18   2.5 
   0   474  0.16   2.5 
   0   460  0.14   2.6 
   0   418  0.13   2.9 
   0   425  0.13   2.8 
   0   475  0.13   2.5 
   0   495  0.16   2.4 
   0   500  0.17   2.4 
   0   481  0.16   2.5 
   0   458  0.15   2.6 
   0   450  0.14   2.7 
   0   460  0.13   2.6 
   0   454  0.13   2.6 
   0   414  0.14   2.9 
   0   427  0.14   2.8 
   0   419  0.15   2.8 
   0   432  0.16   2.8 
   0   403  0.15   3.0 
   0   400  0.13   3.0 
   0   387  0.14   3.1 
   0   355  0.14   3.4 
   0   322  0.15   3.7 
   0   330  0.14   3.6 
   0   316  0.13   3.8 
   0   332  0.14   3.6 
   0   344  0.15   3.5 
   0   350  0.14   3.4 
   0   349  0.14   3.4 
   0   340  0.14   3.5 
   0   347  0.13   3.4 
   0   442  0.19   2.7 
   0   395  0.34   3.0 
   0   352  0.48   3.4 
   0   332  0.57   3.6 
   0   361  0.49   3.3 
   0   337  0.53   3.5 
   0   354  0.52   3.4 
   0   342  0.55   3.5 
   0   316  0.63   3.8 
   0   307  0.66   3.9 
   0   305  0.67   3.9 
   0   303  0.69   3.9 
   0   301  0.71   4.0 
   0   305  0.68   3.9 
   0   295  0.73   4.1 
   0   297  0.77   4.0 
   0   290  0.80   4.1 
   0   291  0.78   4.1 
   0   275  0.84   4.3 
   0   286  0.82   4.2 
   0   276  0.86   4.3 
   0   275  0.81   4.3 
   0   276  0.90   4.3 
   0   283  0.82   4.2 
   0   276  0.86   4.3 
   0   281  0.90   4.3 
   0   271  0.92   4.4 
   0   284  0.78   4.2 
   0   277  0.79   4.3 
   0   274  0.82   4.3 
   0   270  0.96   4.4 
   0   274  0.94   4.4 
   0   270  0.99   4.4 
   0   265  0.97   4.5 
   0   252  1.06   4.7 
   0   259  0.97   4.6 
   0   266  0.91   4.5 
   0   259  0.96   4.6 
   0   269  0.88   4.4 
   0   271  0.86   4.4 
   0   270  0.84   4.4 
   0   278  0.81   4.3 
   0   276  0.83   4.3 
   0   284  0.79   4.2 
   0   270  0.83   4.4 
   0   275  0.80   4.4 
   0   282  0.78   4.2 
   0   292  0.80   4.1 
   0   283  0.80   4.2 
   0   286  0.74   4.2 
   0   292  0.69   4.1 
   0   283  0.71   4.2 
   0   284  0.68   4.2 
   0   301  0.59   4.0 
   0   282  0.65   4.2 
   0   315  0.57   3.8 
   0   294  0.55   4.1 
   0   283  0.56   4.2 
   0   304  0.53   3.9 
   0   293  0.54   4.1 
   0   299  0.53   4.0 
   0   282  0.57   4.2 
   0   295  0.57   4.0 
   0   302  0.54   4.0 
   0   286  0.63   4.2 
   0   296  0.61   4.0 
   0   294  0.62   4.1 
   0   301  0.62   4.0 
   0   300  0.65   4.0 
   0   294  0.66   4.1 
   0   293  0.74   4.1 
   0   300  0.67   4.0 
   0   272  0.75   4.4 
   0   285  0.72   4.2 
   0   280  0.73   4.3 
   0   300  0.64   4.0 
   0   287  0.68   4.2 
   0   285  0.64   4.2 
   0   291  0.61   4.1 
   0   298  0.59   4.0 
   0   281  0.63   4.2 
   0   272  0.61   4.4 
   0   273  0.58   4.4 
   0   256  0.61   4.7 
   0   243  0.65   4.9 
   0   256  0.57   4.7 
   0   248  0.57   4.8 
   0   245  0.62   4.9 
   0   263  0.52   4.5 
   0   229  0.63   5.2 
   0   238  0.59   5.0 
   0   241  0.53   5.0 
   0   290  0.45   4.1 
   0   251  0.51   4.8 
   0   259  0.45   4.6 
   0   279  0.43   4.3 
   0   290  0.42   4.1 
   0   292  0.41   4.1 
   0   300  0.33   4.0 
   0   319  0.33   3.7 
   0   331  0.33   3.6 
   0   334  0.29   3.6 
   0   381  0.26   3.1 
   0   371  0.25   3.2 
   0   357  0.25   3.3 
   0   351  0.27   3.4 
   0   338  0.27   3.5 
   0   322  0.29   3.7 
   0   331  0.27   3.6 
   0   302  0.29   4.0 
   0   286  0.29   4.2 
   0   261  0.31   4.6 
   0   252  0.32   4.7 
   0   265  0.34   4.5 
   0   262  0.32   4.6 
   0   269  0.33   4.4 
   0   250  0.37   4.8 
   0   245  0.39   4.9 
   0   243  0.44   4.9 
   0   266  0.42   4.5 
   0   276  0.41   4.3 
   0   273  0.44   4.4 
   0   259  0.46   4.6 
   0   265  0.43   4.5 
   0   258  0.42   4.6 
   0   245  0.43   4.9 
   0   246  0.41   4.8 
   0   255  0.40   4.7 
   0   264  0.37   4.5 
   0   251  0.39   4.8 
   0   253  0.38   4.7 
   0   253  0.39   4.7 
   0   291  0.35   4.1 
   0   279  0.35   4.3 
   0   314  0.38   3.8 
   0   323  0.42   3.7 
   0   336  0.54   3.6 
   0   314  0.64   3.8 
   0   299  0.67   4.0 
   0   297  0.71   4.0 
   0   296  0.72   4.0 
   0   298  0.67   4.0 
   0   285  0.75   4.2 
   0   283  0.70   4.2 
   0   296  0.65   4.0 
   0   300  0.64   4.0 
   0   310  0.60   3.9 
   0   315  0.55   3.8 
   0   308  0.53   3.9 
   0   316  0.48   3.8 
   0   312  0.46   3.8 
   0   298  0.47   4.0 
   0   299  0.45   4.0 
   0   300  0.42   4.0 
   0   290  0.43   4.1 
   0   267  0.43   4.5 
   0   280  0.41   4.3 
   0   248  0.49   4.8 
   0   261  0.51   4.6 
   0   258  0.52   4.6 
   0   249  0.53   4.8 
   0   235  0.56   5.0 
   0   236  0.57   5.1 
   0   255  0.52   4.7 
   0   248  0.58   4.8 
   0   265  0.54   4.5 
   0   274  0.54   4.3 
   0   273  0.54   4.4 
   0   269  0.58   4.4 
   0   292  0.53   4.1 
   0   296  0.59   4.0 
   0   289  0.65   4.1 
   0   294  0.62   4.1 
   0   293  0.64   4.1 
   0   300  0.60   4.0 
   0   295  0.59   4.1 
   0   313  0.55   3.8 
   0   298  0.55   4.0 
   0   290  0.54   4.1 
   0   294  0.53   4.1 
   0   314  0.51   3.8 
   0   316  0.54   3.8 
   0   319  0.51   3.7 
   0   312  0.51   3.8 
   0   297  0.48   4.0 
   0   299  0.51   4.0 
   0   293  0.51   4.1 
   0   285  0.48   4.2 
   0   289  0.44   4.1 
   0   279  0.46   4.3 
   0   277  0.50   4.3 
   0   290  0.47   4.1 
   0   280  0.46   4.3 
   0   282  0.46   4.2 
   0   271  0.49   4.4 
   0   281  0.44   4.3 
   0   276  0.45   4.3 
   0   257  0.53   4.7 
   0   264  0.50   4.5 
   0   261  0.52   4.6 
   0   278  0.48   4.3 
   0   280  0.47   4.3 
   0   269  0.49   4.3 
   0   291  0.47   4.1 
   0   272  0.49   4.3 
   0   282  0.47   4.1 
   0   284  0.47   4.1 
   0   293  0.46   4.1 
   0   276  0.49   4.2 
   0   289  0.45   3.9 
   0   276  0.49   4.3 
   0   280  0.47   4.3 
   0   273  0.46   4.4 
   0   273  0.48   4.4 
   0   279  0.46   4.3 
   0   271  0.46   4.4 
   0   282  0.46   4.2 
   0   282  0.45   4.2 
   0   267  0.46   4.5 
   0   280  0.43   4.2 
   0   293  0.41   4.1 
   0   290  0.42   4.1 
   0   272  0.42   4.4 
   0   278  0.42   4.3 
   0   291  0.39   4.1 
   0   285  0.38   4.2 
   0   279  0.40   4.3 
   0   266  0.42   4.5 
   0   258  0.40   4.6 
   0   263  0.39   4.5 
   0   272  0.38   4.4 
   0   265  0.38   4.5 
   0   263  0.40   4.5 
   0   275  0.37   4.3 
   0   272  0.38   4.4 
   0   263  0.43   4.5 
   0   270  0.42   4.4 
   0   274  0.42   4.4 
   0   268  0.42   4.5 
   0   274  0.40   4.4 
   0   289  0.40   4.1 
   0   315  0.36   3.8 
   0   305  0.40   3.9 
   0   299  0.40   4.0 
   0   330  0.37   3.6 
   0   295  0.42   4.0 
   0   346  0.34   3.5 
9999  9999 99.99 999.9 
   0   319  0.34   3.7 
   0   313  0.33   3.8 
   0   318  0.32   3.8 
   0   318  0.34   3.8 
   0   322  0.33   3.7 
   0   339  0.38   3.5 
   0   366  0.33   3.3 
   0   358  0.34   3.3 
   0   362  0.35   3.3 
   0   358  0.35   3.3 
   0   362  0.34   3.3 
   0   359  0.33   3.3 
   0   349  0.33   3.4 
   0   372  0.30   3.2 
   0   360  0.30   3.3 
   0   351  0.32   3.4 
   0   367  0.31   3.3 
   0   365  0.29   3.3 
   0   356  0.30   3.4 
   0   349  0.28   3.4 
   0   346  0.29   3.5 
   0   359  0.32   3.3 
   0   347  0.34   3.4 
   0   338  0.42   3.5 
   0   339  0.49   3.5 
   0   342  0.51   3.5 
   0   332  0.52   3.6 
   0   333  0.54   3.6 
   0   319  0.57   3.7 
   0   325  0.55   3.7 
   0   312  0.61   3.8 
   0   318  0.57   3.8 
   0   307  0.66   3.9 
   0   317  0.68   3.8 
   0   302  0.68   4.0 
   0   297  0.71   4.0 
   0   300  0.72   4.0 
   0   317  0.67   3.8 
   0   295  0.74   4.0 
   0   305  0.70   3.9 
   0   291  0.77   4.1 
   0   287  0.74   4.2 
   0   301  0.73   4.0 
   0   287  0.77   4.2 
   0   292  0.74   4.1 
   0   293  0.72   4.1 
   0   290  0.75   4.1 
   0   293  0.76   4.1 
   0   294  0.71   4.1 
   0   285  0.71   4.2 
   0   281  0.71   4.2 
   0   285  0.70   4.2 
   0   289  0.72   4.1 
   0   285  0.70   4.2 
   0   285  0.71   4.2 
   0   287  0.67   4.2 
   0   276  0.70   4.3 
   0   288  0.68   4.1 
   0   290  0.64   4.1 
   0   279  0.67   4.3 
   0   282  0.69   4.2 
   0   279  0.72   4.3 
   0   297  0.65   4.0 
   0   277  0.70   4.3 
   0   292  0.61   4.1 
   0   273  0.63   4.4 
   0   259  0.64   4.6 
   0   261  0.62   4.6 
   0   265  0.62   4.5 
   0   256  0.56   4.7 
   0   246  0.61   4.9 
   0   257  0.51   4.7 
   0   247  0.52   4.8 
   0   259  0.53   4.6 
   0   256  0.50   4.6 
   0   244  0.55   4.9 
   0   256  0.52   4.7 
   0   250  0.52   4.8 
   0   236  0.52   5.0 
   0   228  0.52   5.2 
   0   236  0.52   5.1 
   0   254  0.47   4.7 
   0   260  0.43   4.6 
   0   243  0.45   4.9 
   0   260  0.43   4.6 
   0   288  0.40   4.1 
   0   261  0.42   4.6 
   0   280  0.37   4.3 
   0   288  0.35   4.1 
   0   271  0.38   4.4 
   0   308  0.33   3.9 
   0   296  0.35   4.0 
   0   281  0.36   4.2 
   0   297  0.33   4.0 
   0   307  0.33   3.9 
   0   315  0.30   3.8 
   0   174  0.31   4.2 
9999  9999 99.99 999.9 
9999  9999 99.99 999.9 
9999  9999 99.99 999.9 
9999  9999 99.99 999.9 
9999  9999 99.99 999.9 
9999  9999 99.99 999.9 
9999  9999 99.99 999.9 
9999  9999 99.99 999.9 
9999  9999 99.99 999.9 
9999  9999 99.99 999.9 
9999  9999 99.99 999.9 
9999  9999 99.99 999.9 
9999  9999 99.99 999.9 
9999  9999 99.99 999.9 
9999  9999 99.99 999.9 
9999  9999 99.99 999.9 
9999  9999 99.99 999.9 
9999  9999 99.99 999.9 
9999  9999 99.99 999.9 
9999  9999 99.99 999.9 
9999  9999 99.99 999.9 
9999  9999 99.99 999.9 
9999  9999 99.99 999.9 
9999  9999 99.99 999.9 
9999  9999 99.99 999.9 
9999  9999 99.99 999.9 
9999  9999 99.99 999.9 
9999  9999 99.99 999.9 
9999  9999 99.99 999.9 
9999  9999 99.99 999.9 
9999  9999 99.99 999.9 
9999  9999 99.99 999.9 
9999  9999 99.99 999.9 
9999  9999 99.99 999.9 
9999  9999 99.99 999.9 
9999  9999 99.99 999.9 
9999  9999 99.99 999.9 
9999  9999 99.99 999.9 
9999  9999 99.99 999.9 
9999  9999 99.99 999.9 
9999  9999 99.99 999.9 
9999  9999 99.99 999.9 
9999  9999 99.99 999.9 
9999  9999 99.99 999.9 
9999  9999 99.99 999.9 
9999  9999 99.99 999.9 
9999  9999 99.99 999.9 
9999  9999 99.99 999.9 
9999  9999 99.99 999.9 
9999  9999 99.99 999.9 
9999  9999 99.99 999.9 
9999  9999 99.99 999.9 
9999  9999 99.99 999.9 
9999  9999 99.99 999.9 
9999  9999 99.99 999.9 
9999  9999 99.99 999.9 
9999  9999 99.99 999.9 
9999  9999 99.99 999.9 
9999  9999 99.99 999.9 
9999  9999 99.99 999.9 
9999  9999 99.99 999.9 
9999  9999 99.99 999.9 
9999  9999 99.99 999.9 
9999  9999 99.99 999.9 
9999  9999 99.99 999.9 
9999  9999 99.99 999.9 
9999  9999 99.99 999.9 
9999  9999 99.99 999.9 
9999  9999 99.99 999.9 
9999  9999 99.99 999.9 
9999  9999 99.99 999.9 
9999  9999 99.99 999.9 
9999  9999 99.99 999.9 
9999  9999 99.99 999.9 
9999  9999 99.99 999.9 
9999  9999 99.99 999.9 
9999  9999 99.99 999.9 
9999  9999 99.99 999.9 
9999  9999 99.99 999.9 
9999  9999 99.99 999.9 
9999  9999 99.99 999.9 
9999  9999 99.99 999.9 
9999  9999 99.99 999.9 
9999  9999 99.99 999.9 
   0   349  0.27   2.9 
   0   414  0.35   2.9 
   0   396  0.39   3.0 
   0   388  0.39   3.1 
   0   372  0.45   3.2 
   0   353  0.49   3.4 
   0   338  0.61   3.5 
   0   344  0.55   3.5 
   0   328  0.62   3.6 
   0   323  0.64   3.7 
   0   320  0.67   3.7 
   0   318  0.68   3.8 
   0   306  0.75   3.9 
   0   317  0.70   3.8 
   0   310  0.69   3.9 
   0   312  0.66   3.8 
   0   302  0.71   4.0 
   0   312  0.68   3.8 
   0   314  0.64   3.8 
   0   306  0.64   3.9 
   0   301  0.62   4.0 
   0   299  0.63   4.0 
   0   304  0.60   3.9 
   0   292  0.66   4.1 
   0   298  0.62   4.0 
   0   311  0.55   3.8 
   0   287  0.59   4.2 
   0   304  0.57   3.9 
   0   297  0.58   4.0 
   0   305  0.60   3.9 
   0   309  0.58   3.9 
   0   293  0.63   4.1 
   0   293  0.62   4.1 
   0   293  0.65   4.1 
   0   296  0.58   4.0 
   0   312  0.51   3.8 
   0   293  0.57   4.1 
   0   293  0.54   4.1 
   0   302  0.51   4.0 
   0   303  0.52   3.9 
   0   290  0.51   4.1 
   0   285  0.51   4.2 
   0   298  0.47   4.0 
   0   288  0.44   4.2 
   0   282  0.44   4.2 
   0   296  0.41   4.0 
   0   297  0.41   4.0 
   0   270  0.42   4.4 
   0   262  0.43   4.6 
   0   273  0.40   4.4 
   0   265  0.41   4.5 
   0   270  0.40   4.4 
   0   269  0.41   4.4 
   0   267  0.41   4.5 
   0   268  0.45   4.5 
   0   287  0.41   4.2 
   0   288  0.41   4.2 
   0   286  0.44   4.2 
   0   287  0.43   4.2 
   0   273  0.45   4.4 
   0   265  0.44   4.5 
   0   277  0.44   4.3 
   0   272  0.45   4.4 
   0   273  0.46   4.4 
   0   260  0.56   4.6 
   0   270  0.47   4.4 
   0   264  0.50   4.5 
   0   286  0.44   4.2 
   0   281  0.43   4.2 
   0   302  0.41   4.0 
   0   291  0.41   4.1 
   0   302  0.40   4.0 
   0   319  0.36   3.8 
   0   293  0.40   4.1 
   0   317  0.37   3.8 
   0   297  0.39   4.0 
   0   320  0.34   3.7 
   0   316  0.35   3.8 
   0   326  0.32   3.7 
   0   334  0.33   3.6 
   0   325  0.32   3.7 
   0   318  0.34   3.8 
   0   327  0.33   3.7 
   0   326  0.33   3.7 
   0   341  0.32   3.5 
   0   329  0.34   3.6 
   0   323  0.31   3.7 
   0   310  0.32   3.9 
   0   286  0.35   4.2 
   0   286  0.35   4.2 
   0   292  0.32   4.1 
   0   280  0.35   4.3 
   0   261  0.40   4.6 
   0   268  0.37   4.5 
   0   267  0.35   4.5 
   0   264  0.33   4.5 
   0   261  0.35   4.6 
   0   257  0.35   4.7 
   0   256  0.34   4.7 
   0   253  0.36   4.7 
   0   263  0.33   4.5 
   0   270  0.32   4.4 
   0   287  0.30   4.2 
   0   284  0.29   4.2 
   0   273  0.32   4.4 
   0   296  0.31   4.0 
   0   318  0.30   3.8 
   0   338  0.29   3.5 
   0   338  0.27   3.5 
   0   343  0.29   3.5 
   0   362  0.29   3.3 
   0   399  0.31   3.0 
   0   411  0.29   2.9 
   0   400  0.26   3.0 
   0   426  0.24   2.8 
   0   426  0.25   2.8 
   0   408  0.22   2.9 
   0   430  0.21   2.8 
   0   449  0.23   2.7 
   0   475  0.22   2.5 
   0   441  0.23   2.7 
   0   468  0.24   2.6 
   0   481  0.22   2.5 
   0   468  0.29   2.6 
   0   450  0.30   2.7 
   0   468  0.26   2.6 
   0   469  0.29   2.5 
   0   452  0.34   2.6 
   0   448  0.34   2.7 
   0   464  0.30   2.6 
   0   456  0.30   2.6 
   0   446  0.34   2.7 
   0   449  0.31   2.7 
   0   459  0.32   2.6 
   0   474  0.27   2.5 
   0   469  0.30   2.5 
   0   469  0.30   2.6 
   0   465  0.30   2.6 
   0   474  0.30   2.5 
   0   470  0.29   2.5 
   0   460  0.30   2.6 
   0   461  0.29   2.6 
   0   490  0.24   2.4 
   0   495  0.24   2.4 
   0   490  0.20   2.4 
   0   493  0.22   2.4 
   0   480  0.25   2.5 
   0   451  0.24   2.5 
   0   484  0.24   2.5 
   0   462  0.25   2.6 
   0   463  0.24   2.6 
   0   470  0.23   2.5 
   0   483  0.24   2.5 
   0   493  0.22   2.4 
   0   481  0.22   2.5 
   0   490  0.22   2.4 
   0   497  0.22   2.4 
   0   509  0.23   2.3 
   0   498  0.22   2.4 
   0   486  0.22   2.5 
   0   491  0.18   2.4 
   0   453  0.19   2.6 
   0   460  0.18   2.6 
   0   454  0.17   2.6 
   0   429  0.19   2.8 
   0   416  0.25   2.9 
   0   392  0.29   3.1 
   0   406  0.25   2.9 
   0   392  0.23   3.1 
   0   378  0.26   3.2 
   0   421  0.24   2.8 
   0   392  0.26   3.1 
   0   404  0.27   3.0 
   0   366  0.31   3.3 
   0   368  0.35   3.2 
   0   342  0.36   3.5 
   0   338  0.35   3.5 
   0   339  0.31   3.5 
   0   359  0.36   3.3 
   0   349  0.48   3.4 
   0   308  0.60   3.6 
   0   317  0.69   3.8 
   0   290  0.73   4.1 
   0   288  0.77   4.2 
   0   286  0.78   4.2 
   0   292  0.76   4.1 
   0   295  0.74   4.1 
   0   285  0.74   4.2 
   0   278  0.80   4.3 
   0   268  0.81   4.5 
   0   273  0.86   4.4 
   0   262  0.86   4.6 
   0   264  0.80   4.5 
   0   269  0.74   4.4 
   0   273  0.69   4.4 
   0   270  0.69   4.4 
   0   262  0.64   4.6 
   0   261  0.63   4.6 
   0   258  0.62   4.6 
   0   250  0.65   4.8 
   0   253  0.63   4.7 
   0   241  0.69   4.9 
   0   257  0.63   4.6 
   0   260  0.62   4.6 
   0   244  0.64   4.9 
   0   244  0.68   4.9 
   0   257  0.65   4.7 
   0   260  0.65   4.6 
   0   245  0.70   4.9 
   0   237  0.74   5.0 
   0   241  0.74   5.0 
   0   236  0.76   5.1 
   0   247  0.77   4.8 
   0   245  0.82   4.8 
   0   255  0.88   4.7 
   0   242  0.99   4.9 
   0   254  0.97   4.7 
   0   252  1.03   4.7 
   0   235  1.14   5.1 
   0   252  1.00   4.7 
   0   253  1.00   4.7 
   0   245  1.10   4.9 
   0   243  1.02   4.9 
   0   252  0.98   4.7 
   0   243  1.05   4.9 
   0   244  0.99   4.9 
   0   248  0.94   4.8 
   0   246  1.04   4.9 
   0   246  1.00   4.8 
   0   234  1.08   5.1 
   0   258  0.93   4.6 
   0   233  1.04   5.1 
   0   247  1.02   4.8 
   0   242  1.02   4.9 
   0   248  1.01   4.8 
   0   257  0.94   4.6 
   0   256  0.94   4.7 
   0   243  0.96   4.9 
   0   245  0.98   4.9 
   0   248  0.94   4.8 
   0   252  0.91   4.7 
   0   258  0.84   4.6 
   0   251  0.83   4.7 
   0   247  0.87   4.8 
   0   252  0.81   4.7 
   0   247  0.80   4.8 
   0   260  0.75   4.6 
   0   251  0.74   4.7 
   0   249  0.71   4.8 
   0   266  0.65   4.5 
   0   257  0.66   4.6 
   0   239  0.71   5.0 
   0   255  0.66   4.7 
   0   230  0.70   5.2 
   0   243  0.62   4.9 
   0   241  0.62   5.0 
   0   238  0.62   5.0 
   0   237  0.60   5.0 
   0   224  0.62   5.3 
   0   237  0.55   5.0 
   0   238  0.52   5.0 
   0   223  0.61   5.3 
   0   231  0.55   5.2 
   0   237  0.52   5.0 
   0   243  0.49   4.9 
   0   243  0.50   4.9 
   0   233  0.51   5.1 
   0   236  0.51   5.1 
   0   237  0.47   5.0 
   0   242  0.49   4.9 
   0   230  0.49   5.2 
   0   231  0.48   5.2 
   0   251  0.44   4.7 
   0   251  0.42   4.8 
   0   237  0.46   5.0 
   0   235  0.48   5.1 
   0   221  0.44   5.4 
   0   221  0.51   5.4 
   0   212  0.49   5.6 
   0   205  0.52   5.8 
   0   206  0.54   5.8 
   0   202  0.58   5.9 
   0   197  0.65   6.0 
   0   211  0.60   5.7 
   0   217  0.61   5.5 
   0   206  0.66   5.7 
   0   205  0.70   5.8 
   0   208  0.64   5.7 
   0   204  0.65   5.9 
   0   202  0.69   5.9 
   0   216  0.61   5.5 
   0   213  0.64   5.6 
   0   208  0.63   5.7 
   0   222  0.59   5.4 
   0   217  0.62   5.5 
   0   214  0.59   5.6 
   0   229  0.53   5.2 
   0   227  0.54   5.3 
   0   230  0.58   5.2 
   0   231  0.56   5.2 
   0   230  0.58   5.2 
   0   245  0.52   4.9 
   0   249  0.52   4.8 
   0   265  0.47   4.5 
   0   250  0.52   4.8 
   0   255  0.49   4.7 
   0   284  0.44   4.2 
   0   239  0.53   5.0 
   0   259  0.44   4.6 
   0   256  0.47   4.7 
   0   244  0.48   4.9 
   0   242  0.47   4.9 
   0   245  0.43   4.9 
   0   253  0.40   4.7 
   0   254  0.42   4.7 
   0   247  0.41   4.8 
   0   254  0.39   4.7 
   0   244  0.39   4.9 
   0   249  0.39   4.8 
   0   241  0.38   4.9 
   0   242  0.37   4.9 
   0   252  0.36   4.7 
   0   231  0.37   5.2 
   0   239  0.35   5.0 
   0   242  0.34   4.9 
   0   248  0.32   4.8 
   0   234  0.33   5.1 
   0   247  0.32   4.8 
   0   259  0.33   4.6 
   0   252  0.31   4.7 
   0   260  0.31   4.6 
   0   253  0.30   4.7 
   0   266  0.28   4.5 
   0   270  0.29   4.4 
   0   272  0.27   4.4 
   0   301  0.24   4.0 
   0   294  0.26   4.1 
   0   289  0.24   4.1 
   0   279  0.25   4.3 
   0   285  0.26   4.2 
   0   334  0.22   3.6 
   0   314  0.23   3.8 
   0   321  0.22   3.7 
   0   361  0.24   3.3 
   0   364  0.22   3.3 
   0   348  0.22   3.4 
   0   341  0.22   3.5 
   0   339  0.20   3.5 
   0   373  0.19   3.2 
   0   357  0.19   3.4 
   0   319  0.20   3.8 
   0   340  0.17   3.5 
   0   329  0.17   3.6 
   0   321  0.16   3.7 
   0   299  0.16   4.0 
   0   289  0.16   4.1 
   0   281  0.15   4.3 
   0   285  0.14   4.2 
   0   298  0.13   4.0 
   0   280  0.14   4.3 
   0   279  0.13   4.3 
   0   286  0.13   4.2 
   0   289  0.13   4.1 
   0   302  0.12   4.0 
   0   299  0.12   4.0 
   0   314  0.12   3.8 
   0   286  0.13   4.2 
   0   330  0.12   3.6 
   0   340  0.12   3.5 
   0   402  0.11   3.0 
   0   345  0.13   3.5 
   0   359  0.12   3.3 
   0   377  0.11   3.2 
   0   376  0.11   3.2 
   0   366  0.11   3.3 
   0   346  0.12   3.5 
   0   385  0.12   3.1 
   0   379  0.12   3.2 
   0   397  0.13   3.0 
   0   459  0.13   2.6 
   0   459  0.13   2.6 
   0   462  0.15   2.6 
   0   450  0.14   2.7 
   0   433  0.15   2.8 
   0   456  0.14   2.6 
   0   471  0.13   2.5 
   0   477  0.15   2.5 
   0   505  0.15   2.4 
   0   498  0.15   2.4 
9999  9999 99.99 999.9 
   0   508  0.14   2.4 
   0   496  0.14   2.4 
   0   500  0.12   2.4 
   0   499  0.10   2.4 
   0   451  0.11   2.7 
   0   481  0.11   2.5 
   0   504  0.10   2.4 
   0   492  0.10   2.4 
   0   501  0.10   2.4 
   0   536  0.10   2.2 
   0   502  0.11   2.4 
9999  9999 99.99 999.9 
   0   493  0.10   2.4 
   0   459  0.10   2.6 
   0   489  0.09   2.4 
   0   515  0.10   2.3 
   0   524  0.11   2.3 
   0   502  0.10   2.4 
   0   484  0.11   2.5 
9999  9999 99.99 999.9 
   0   537  0.15   2.2 
   0   520  0.15   2.3 
   0   500  0.14   2.4 
   0   553  0.15   2.2 
9999  9999 99.99 999.9 
   0   531  0.14   2.3 
   0   495  0.10   2.4 
   0   469  0.08   2.5 
   0   441  0.07   2.7 
   0   469  0.08   2.6 
   0   398  0.08   3.0 
   0   444  0.08   2.7 
   0   450  0.10   2.7 
   0   543  0.11   2.2 
   0   540  0.11   2.2 
   0   531  0.10   2.3 
   0   470  0.09   2.5 
   0   505  0.08   2.4 
   0   514  0.08   2.3 
   0   471  0.07   2.5 
   0   461  0.07   2.6 
   0   396  0.07   3.0 
   0   386  0.07   3.1 
   0   451  0.07   2.6 
   0   389  0.07   3.1 
   0   502  0.08   2.4 
   0   546  0.10   2.2 
   0   548  0.11   2.2 
   0   518  0.10   2.3 
   0   476  0.09   2.5 
   0   499  0.09   2.4 
   0   454  0.10   2.6 
   0   538  0.11   2.2 
   0   514  0.11   2.3 
   0   501  0.11   2.4 
   0   513  0.11   2.3 
   0   514  0.11   2.3 
   0   495  0.10   2.4 
   0   525  0.11   2.3 
   0   534  0.12   2.2 
   0   521  0.13   2.3 
   0   517  0.12   2.3 
   0   483  0.11   2.5 
   0   418  0.09   2.9 
9999  9999 99.99 999.9 
   0   410  0.10   2.9 
   0   411  0.11   2.9 
   0   424  0.10   2.8 
   0   437  0.13   2.7 
   0   449  0.14   2.7 
   0   394  0.17   3.0 
   0   412  0.19   2.9 
   0   372  0.21   3.2 
   0   362  0.20   3.3 
   0   351  0.20   3.4 
   0   305  0.19   3.9 
   0   288  0.19   4.1 
   0   307  0.19   3.9 
   0   340  0.22   3.5 
   0   377  0.23   3.2 
   0   366  0.26   3.3 
   0   357  0.27   3.4 
   0   328  0.31   3.6 
   0   330  0.34   3.6 
   0   324  0.38   3.7 
   0   316  0.41   3.8 
   0   291  0.47   4.1 
   0   288  0.51   4.1 
   0   269  0.60   4.4 
   0   274  0.65   4.4 
   0   273  0.65   4.4 
   0   258  0.70   4.6 
   0   269  0.64   4.4 
   0   274  0.59   4.4 
   0   280  0.53   4.3 
   0   266  0.53   4.5 
   0   264  0.52   4.5 
   0   256  0.49   4.7 
   0   266  0.48   4.5 
   0   279  0.47   4.3 
   0   286  0.48   4.2 
   0   303  0.50   3.9 
   0   304  0.56   3.9 
   0   301  0.63   4.0 
   0   301  0.68   4.0 
   0   301  0.70   4.0 
   0   286  0.77   4.2 
   0   289  0.85   4.1 
   0   275  0.85   4.3 
   0   281  0.87   4.3 
   0   268  0.98   4.5 
   0   270  0.95   4.4 
   0   262  1.00   4.6 
   0   270  0.99   4.4 
   0   260  1.06   4.6 
   0   262  1.00   4.5 
   0   256  1.13   4.7 
   0   249  1.06   4.8 
   0   260  1.00   4.6 
   0   265  1.01   4.5 
   0   261  1.01   4.6 
   0   255  0.95   4.7 
   0   250  0.97   4.8 
   0   248  1.04   4.8 
   0   241  1.07   5.0 
   0   237  1.04   5.1 
   0   239  1.07   5.0 
   0   236  1.05   5.1 
   0   243  1.01   4.9 
   0   246  1.04   4.9 
   0   257  0.91   4.6 
   0   234  1.05   5.1 
   0   235  0.97   5.1 
   0   214  1.13   5.6 
   0   225  1.10   5.3 
   0   213  1.10   5.6 
   0   234  1.04   5.1 
   0   218  1.08   5.5 
   0   228  0.99   5.2 
   0   228  1.02   5.2 
   0   230  0.95   5.2 
   0   231  0.96   5.2 
   0   224  0.93   5.3 
   0   222  0.91   5.4 
   0   225  0.89   5.3 
   0   213  1.00   5.6 
   0   220  0.85   5.4 
   0   213  0.91   5.6 
   0   215  0.85   5.6 
   0   210  0.83   5.7 
   0   189  0.99   6.3 
   0   197  0.92   6.0 
   0   180  1.18   6.7 
   0   188  1.05   6.4 
   0   189  1.03   6.3 
   0   198  0.87   6.0 
   0   194  0.90   6.1 
   0   182  0.88   6.5 
   0   189  0.89   6.3 
   0   190  0.87   6.3 
   0   194  0.85   6.2 
   0   195  0.78   6.1 
   0   179  0.89   6.6 
   0   183  0.85   6.5 
   0   185  0.85   6.4 
   0   190  0.79   6.3 
   0   192  0.71   6.2 
   0   190  0.80   6.3 
   0   194  0.73   6.1 
   0   200  0.67   6.0 
   0   181  0.74   6.6 
   0   193  0.71   6.2 
   0   210  0.66   5.7 
   0   210  0.62   5.7 
   0   216  0.61   5.5 
   0   214  0.59   5.6 
   0   220  0.53   5.4 
   0   199  0.61   6.0 
   0   216  0.49   5.5 
   0   228  0.53   5.2 
   0   250  0.49   4.8 
   0   233  0.54   5.1 
   0   276  0.50   4.3 
   0   305  0.45   3.9 
   0   301  0.43   4.0 
   0   280  0.43   4.3 
   0   274  0.41   4.4 
   0   282  0.43   4.3 
   0   315  0.40   3.8 
   0   307  0.38   3.9 
   0   306  0.37   3.9 
   0   230  0.34   5.2 
   0   255  0.33   4.7 
   0   311  0.34   3.8 
   0   310  0.30   3.8 
   0   325  0.25   3.7 
   0   337  0.28   3.5 
   0   334  0.29   3.6 
   0   340  0.31   3.5 
   0   353  0.30   3.4 
   0   379  0.29   3.2 
   0   384  0.28   3.1 
   0   389  0.28   3.1 
   0   407  0.32   2.9 
   0   419  0.28   2.9 
   0   393  0.26   3.0 
   0   403  0.26   3.0 
   0   386  0.20   3.1 
   0   329  0.17   3.6 
   0   282  0.15   4.2 
9999  9999 99.99 999.9 
   0   331  0.71   3.6 
   0   302  0.86   4.0 
   0   288  0.94   4.1 
   0   274  1.06   4.4 
   0   259  1.11   4.6 
   0   260  1.15   4.6 
   0   232  1.37   5.1 
   0   225  1.46   5.3 
   0   220  1.46   5.4 
   0   234  1.32   5.1 
   0   226  1.46   5.3 
   0   224  1.40   5.3 
   0   228  1.37   5.2 
   0   231  1.28   5.2 
   0   227  1.27   5.3 
   0   226  1.31   5.3 
   0   221  1.34   5.4 
   0   228  1.35   5.2 
   0   233  1.29   5.1 
   0   226  1.37   5.3 
   0   234  1.33   5.1 
   0   238  1.24   5.0 
   0   220  1.34   5.4 
   0   216  1.41   5.5 
   0   220  1.38   5.4 
   0   226  1.42   5.3 
   0   220  1.46   5.4 
   0   234  1.37   5.1 
   0   206  1.43   5.5 
   0   213  1.56   5.6 
   0   205  1.69   5.8 
   0   223  1.59   5.4 
   0   209  1.66   5.7 
   0   194  1.85   6.2 
   0   204  1.69   5.9 
   0   201  1.73   5.9 
   0   199  1.74   6.0 
   0   200  1.76   6.0 
   0   217  1.73   5.5 
   0   204  1.77   5.8 
   0   201  1.64   5.9 
   0   203  1.78   5.9 
   0   199  1.81   5.9 
   0   202  1.91   5.9 
   0   208  1.62   5.7 
   0   198  1.84   6.0 
   0   189  1.85   6.3 
   0   196  1.82   6.1 
   0   197  1.91   6.1 
   0   174  2.16   6.8 
   0   199  1.81   6.0 
   0   200  1.76   6.0 
   0   194  1.82   6.1 
   0   206  1.72   5.8 
   0   203  1.66   5.9 
   0   203  1.64   5.9 
   0   199  1.75   6.0 
   0   204  1.81   5.9 
   0   197  1.59   6.1 
   0   201  1.59   5.9 
   0   197  1.60   6.1 
   0   188  1.74   6.3 
   0   212  1.51   5.6 
   0   200  1.53   5.9 
   0   213  1.35   5.6 
   0   222  1.24   5.4 
   0   214  1.35   5.6 
   0   229  1.15   5.2 
   0   220  1.20   5.4 
   0   211  1.24   5.7 
   0   210  1.30   5.7 
   0   218  1.22   5.5 
   0   222  1.17   5.4 
   0   234  1.12   5.1 
   0   214  1.23   5.6 
   0   222  1.17   5.4 
   0   222  1.10   5.4 
   0   218  1.15   5.5 
   0   219  1.25   5.4 
   0   224  1.18   5.3 
   0   220  1.27   5.4 
   0   216  1.16   5.5 
   0   231  1.09   5.2 
   0   212  1.18   5.6 
   0   224  1.05   5.3 
   0   227  1.09   5.3 
   0   220  1.22   5.4 
   0   215  1.33   5.5 
   0   224  1.21   5.3 
   0   228  1.15   5.2 
   0   222  1.12   5.4 
   0   208  1.14   5.8 
   0   222  1.15   5.3 
   0   204  1.12   5.5 
   0   216  1.12   5.5 
   0   212  1.17   5.6 
   0   222  1.17   5.4 
   0   219  1.14   5.5 
   0   208  1.25   5.7 
   0   216  1.08   5.5 
   0   223  1.01   5.4 
   0   218  1.09   5.5 
   0   235  0.99   5.1 
   0   224  1.06   5.3 
   0   210  1.16   5.7 
   0   234  1.02   5.1 
   0   230  1.02   5.2 
   0   238  0.99   5.0 
   0   230  1.00   5.2 
   0   228  1.02   5.2 
   0   224  1.00   5.3 
   0   229  0.95   5.2 
   0   233  0.96   5.1 
   0   227  0.95   5.2 
   0   226  0.95   5.3 
   0   230  0.89   5.2 
   0   216  0.98   5.5 
   0   228  0.92   5.3 
   0   229  0.90   5.2 
   0   224  0.87   5.3 
   0   234  0.82   5.1 
   0   224  0.84   5.3 
   0   224  0.84   5.4 
   0   232  0.78   5.1 
   0   233  0.80   5.1 
   0   246  0.73   4.9 
   0   241  0.72   5.0 
   0   229  0.76   5.2 
   0   236  0.76   5.1 
   0   227  0.76   5.3 
   0   240  0.70   5.0 
   0   228  0.73   5.3 
   0   231  0.70   5.2 
   0   234  0.73   5.1 
   0   243  0.64   4.9 
   0   238  0.65   5.0 
   0   238  0.65   5.0 
   0   228  0.61   5.2 
   0   222  0.62   5.4 
   0   227  0.57   5.3 
   0   220  0.56   5.4 
   0   228  0.52   5.2 
   0   227  0.51   5.3 
   0   211  0.57   5.6 
   0   215  0.53   5.5 
   0   217  0.54   5.5 
   0   226  0.51   5.3 
   0   239  0.48   5.0 
   0   228  0.47   5.2 
   0   241  0.47   4.9 
   0   244  0.46   4.9 
   0   247  0.45   4.8 
   0   239  0.47   5.0 
   0   237  0.46   5.0 
   0   241  0.44   5.0 
   0   254  0.41   4.7 
   0   264  0.35   4.5 
   0   253  0.34   4.7 
   0   280  0.33   4.3 
   0   278  0.33   4.3 
   0   295  0.30   4.1 
   0   303  0.28   3.9 
   0   329  0.27   3.6 
   0   339  0.27   3.5 
   0   355  0.28   3.4 
   0   357  0.25   3.4 
   0   332  0.23   3.6 
   0   355  0.21   3.4 
   0   389  0.23   3.1 
   0   401  0.22   3.0 
   0   409  0.21   2.9 
   0   382  0.23   3.1 
   0   384  0.21   3.1 
   0   398  0.20   3.0 
   0   398  0.21   3.0 
   0   406  0.20   2.9 
   0   403  0.19   3.0 
   0   384  0.18   3.1 
   0   435  0.23   2.7 
   0   438  0.25   2.7 
   0   451  0.25   2.7 
   0   444  0.26   2.7 
   0   453  0.25   2.6 
   0   439  0.25   2.7 
   0   434  0.25   2.8 
   0   413  0.23   2.9 
   0   415  0.24   2.9 
   0   388  0.26   3.1 
   0   339  0.24   3.5 
   0   287  0.29   4.2 
   0   335  0.29   3.6 
   0   318  0.31   3.7 
   0   280  0.36   4.2 
   0   286  0.41   4.2 
9999  9999 99.99 999.9 
   0   263  0.41   4.5 
   0   237  0.46   5.0 
   0   220  0.48   5.4 
   0   234  0.55   5.1 
   0   282  0.50   4.2 
   0   286  0.53   4.2 
   0   299  0.54   4.0 
   0   307  0.54   3.9 
   0   311  0.60   3.8 
   0   309  0.64   3.9 
   0   306  0.63   3.9 
   0   310  0.60   3.9 
   0   304  0.58   3.9 
   0   290  0.58   4.1 
   0   287  0.55   4.2 
   0   285  0.56   4.2 
   0   279  0.53   4.3 
   0   267  0.57   4.5 
   0   272  0.59   4.4 
   0   261  0.57   4.6 
   0   268  0.52   4.5 
   0   274  0.50   4.4 
   0   265  0.51   4.5 
   0   269  0.47   4.4 
   0   250  0.46   4.8 
   0   246  0.47   4.9 
   0   251  0.43   4.7 
   0   247  0.44   4.8 
   0   257  0.43   4.6 
   0   255  0.41   4.7 
   0   253  0.45   4.7 
   0   259  0.39   4.6 
   0   246  0.44   4.8 
   0   239  0.47   5.0 
   0   212  0.54   5.6 
   0   225  0.57   5.3 
   0   203  0.70   5.9 
   0   185  0.84   6.5 
   0   188  0.89   6.3 
   0   188  0.96   6.3 
   0   189  0.96   6.3 
   0   181  1.02   6.6 
   0   178  1.14   6.7 
   0   191  1.16   6.2 
   0   186  1.14   6.4 
   0   187  1.30   6.4 
   0   188  1.27   6.3 
   0   180  1.50   6.6 
   0   184  1.42   6.5 
   0   179  1.41   6.7 
   0   203  1.22   5.9 
   0   191  1.33   6.2 
   0   195  1.37   6.1 
   0   184  1.36   6.5 
   0   190  1.36   6.3 
   0   196  1.20   6.1 
   0   193  1.30   6.1 
   0   191  1.31   6.2 
   0   192  1.33   6.2 
   0   193  1.23   6.2 
   0   191  1.27   6.2 
   0   197  1.30   6.1 
   0   200  1.36   6.0 
   0   214  1.21   5.6 
   0   206  1.26   5.8 
   0   212  1.25   5.6 
   0   203  1.34   5.9 
   0   200  1.41   6.0 
   0   201  1.37   5.9 
   0   207  1.28   5.8 
   0   224  1.19   5.3 
   0   196  1.36   6.1 
   0   200  1.40   6.0 
   0   195  1.43   6.1 
   0   184  1.45   6.5 
   0   194  1.38   6.2 
   0   193  1.44   6.2 
   0   185  1.55   6.4 
   0   169  1.74   7.0 
   0   185  1.55   6.4 
   0   179  1.54   6.6 
   0   191  1.55   6.3 
   0   187  1.52   6.4 
   0   197  1.47   6.0 
   0   203  1.36   5.9 
   0   192  1.49   6.2 
   0   193  1.40   6.2 
   0   192  1.43   6.2 
   0   194  1.44   6.2 
   0   188  1.57   6.3 
   0   193  1.46   6.2 
   0   192  1.44   6.2 
   0   190  1.47   6.3 
   0   204  1.34   5.9 
   0   182  1.62   6.6 
   0   206  1.35   5.8 
   0   183  1.54   6.1 
   0   193  1.47   6.2 
   0   188  1.55   6.3 
   0   183  1.62   6.5 
   0   190  1.47   6.2 
   0   187  1.62   6.4 
   0   192  1.39   6.2 
   0   195  1.51   6.1 
   0   187  1.58   6.4 
   0   192  1.48   6.2 
   0   203  1.35   5.9 
   0   197  1.44   6.0 
   0   183  1.58   6.5 
   0   191  1.45   6.1 
   0   186  1.60   6.4 
   0   191  1.55   6.3 
   0   185  1.62   6.5 
   0   190  1.69   6.3 
   0   180  1.63   6.6 
   0   181  1.65   6.6 
   0   199  1.60   6.0 
   0   177  1.78   6.7 
   0   190  1.64   6.3 
   0   200  1.51   6.0 
   0   202  1.63   5.9 
   0   197  1.83   6.1 
   0   195  1.88   6.1 
   0   188  2.07   6.4 
   0   190  2.06   6.3 
   0   183  2.10   6.5 
   0   193  1.94   6.2 
   0   182  2.10   6.6 
   0   208  1.81   5.7 
   0   191  1.90   6.2 
   0   212  1.63   5.6 
   0   199  1.92   6.0 
   0   211  1.64   5.7 
   0   220  1.58   5.4 
   0   214  1.62   5.6 
   0   213  1.72   5.6 
   0   217  1.55   5.5 
   0   227  1.38   5.3 
   0   222  1.56   5.4 
   0   219  1.45   5.4 
   0   206  1.70   5.8 
   0   205  1.59   5.8 
   0   214  1.60   5.6 
   0   220  1.54   5.4 
   0   212  1.67   5.6 
   0   200  1.85   5.9 
   0   204  1.75   5.8 
   0   213  1.63   5.6 
   0   212  1.64   5.7 
   0   209  1.64   5.7 
   0   206  1.65   5.8 
   0   229  1.39   5.2 
   0   202  1.56   5.9 
   0   230  1.26   5.1 
   0   233  1.27   5.1 
   0   228  1.23   5.2 
   0   233  1.26   5.1 
   0   223  1.27   5.4 
   0   236  1.18   5.0 
   0   235  1.18   5.1 
   0   234  1.15   5.1 
   0   249  1.11   4.8 
   0   229  1.16   5.2 
   0   236  1.13   5.1 
   0   234  1.06   5.1 
   0   241  0.95   4.9 
   0   243  0.97   4.9 
   0   241  0.95   4.9 
   0   239  0.99   5.0 
   0   251  0.91   4.8 
   0   236  0.87   5.0 
   0   239  0.79   5.0 
   0   252  0.68   4.7 
   0   246  0.73   4.9 
   0   251  0.71   4.8 
   0   261  0.62   4.6 
   0   239  0.64   5.0 
   0   259  0.61   4.6 
   0   250  0.59   4.8 
   0   251  0.58   4.8 
   0   250  0.60   4.8 
   0   253  0.56   4.7 
   0   264  0.51   4.5 
   0   264  0.50   4.5 
   0   277  0.47   4.3 
   0   250  0.49   4.8 
   0   261  0.43   4.6 
   0   253  0.46   4.7 
   0   254  0.43   4.7 
   0   240  0.44   5.0 
   0   244  0.44   4.9 
   0   255  0.40   4.7 
   0   258  0.39   4.6 
   0   247  0.39   4.8 
   0   262  0.35   4.6 
   0   259  0.34   4.6 
   0   259  0.39   4.6 
   0   263  0.34   4.5 
   0   281  0.34   4.2 
   0   282  0.31   4.2 
   0   272  0.32   4.4 
   0   295  0.28   4.0 
   0   269  0.31   4.4 
   0   267  0.32   4.5 
   0   251  0.34   4.8 
   0   269  0.32   4.4 
   0   274  0.32   4.3 
   0   288  0.31   4.1 
   0   301  0.28   4.0 
   0   284  0.30   4.2 
   0   302  0.27   3.9 
   0   296  0.28   4.0 
   0   303  0.28   3.9 
   0   325  0.27   3.7 
   0   323  0.26   3.7 
   0   314  0.24   3.8 
   0   326  0.22   3.7 
   0   308  0.23   3.9 
   0   326  0.21   3.7 
   0   371  0.23   3.2 
   0   350  0.23   3.4 
   0   395  0.19   3.0 
   0   398  0.22   3.0 
   0   417  0.24   2.9 
   0   425  0.29   2.8 
   0   416  0.29   2.9 
   0   411  0.30   2.9 
   0   391  0.29   3.1 
   0   373  0.30   3.2 
   0   391  0.27   3.1 
   0   389  0.28   3.1 
   0   374  0.33   3.2 
   0   374  0.32   3.2 
   0   397  0.29   3.0 
   0   372  0.29   3.2 
   0   393  0.28   3.0 
   0   401  0.26   3.0 
   0   375  0.27   3.2 
   0   386  0.35   3.1 
   0   384  0.39   3.1 
   0   380  0.34   3.1 
   0   382  0.32   3.1 
   0   393  0.28   3.0 
   0   396  0.25   3.0 
   0   392  0.27   3.0 
   0   406  0.28   3.0 
   0   399  0.29   3.0 
   0   396  0.35   3.0 
   0   381  0.42   3.1 
   0   369  0.39   3.2 
   0   360  0.36   3.3 
   0   359  0.33   3.3 
   0   348  0.33   3.4 
   0   310  0.39   3.9 
   0   289  0.42   4.1 
   0   271  0.44   4.4 
   0   263  0.49   4.5 
   0   286  0.45   4.2 
   0   279  0.48   4.3 
   0   288  0.44   4.1 
   0   272  0.54   4.4 
   0   277  0.50   4.3 
   0   267  0.49   4.5 
   0   257  0.56   4.7 
   0   248  0.56   4.8 
   0   271  0.52   4.4 
   0   275  0.48   4.3 
   0   288  0.57   4.2 
   0   281  0.64   4.3 
   0   279  0.67   4.3 
   0   279  0.66   4.3 
   0   267  0.71   4.5 
   0   262  0.73   4.6 
   0   272  0.69   4.4 
   0   268  0.70   4.5 
   0   268  0.70   4.5 
   0   294  0.59   4.1 
   0   287  0.61   4.2 
   0   281  0.63   4.3 
   0   297  0.61   4.0 
   0   296  0.60   4.0 
   0   310  0.59   3.9 
   0   301  0.65   4.0 
   0   298  0.68   4.0 
   0   303  0.70   3.9 
   0   297  0.74   4.0 
   0   291  0.80   4.1 
   0   291  0.78   4.1 
   0   274  0.80   4.4 
   0   276  0.72   4.3 
   0   282  0.69   4.2 
   0   285  0.62   4.2 
   0   284  0.64   4.2 
   0   288  0.65   4.1 
   0   285  0.65   4.2 
   0   298  0.64   4.0 
   0   301  0.66   4.0 
   0   300  0.65   4.0 
   0   283  0.74   4.2 
   0   312  0.67   3.8 
   0   305  0.68   3.9 
   0   318  0.67   3.8 
   0   317  0.69   3.8 
   0   325  0.67   3.7 
   0   310  0.62   3.9 
   0   322  0.57   3.7 
   0   305  0.59   3.9 
   0   310  0.56   3.9 
   0   311  0.56   3.8 
   0   327  0.52   3.7 
   0   314  0.53   3.8 
   0   331  0.54   3.6 
   0   341  0.51   3.5 
   0   331  0.53   3.6 
   0   339  0.53   3.5 
   0   344  0.50   3.5 
   0   329  0.54   3.6 
   0   331  0.50   3.6 
   0   327  0.49   3.7 
   0   335  0.48   3.6 
   0   336  0.46   3.6 
   0   338  0.47   3.5 
   0   336  0.44   3.6 
   0   335  0.41   3.6 
   0   299  0.45   4.0 
   0   298  0.44   4.0 
   0   322  0.40   3.7 
   0   336  0.38   3.6 
   0   331  0.39   3.6 
   0   323  0.36   3.7 
   0   309  0.35   3.9 
   0   282  0.37   4.2 
   0   271  0.43   4.4 
   0   305  0.37   3.9 
   0   313  0.38   3.8 
   0   305  0.38   3.9 
   0   307  0.38   3.9 
   0   299  0.37   4.0 
   0   304  0.35   3.9 
   0   306  0.34   3.9 
   0   300  0.35   4.0 
   0   282  0.38   4.2 
   0   279  0.39   4.3 
   0   248  0.45   4.8 
   0   248  0.44   4.8 
   0   239  0.52   5.0 
   0   236  0.51   5.1 
   0   245  0.55   4.9 
   0   272  0.52   4.4 
   0   280  0.55   4.3 
   0   294  0.53   4.1 
   0   289  0.54   4.1 
   0   297  0.57   4.0 
   0   295  0.55   4.1 
   0   289  0.64   4.1 
   0   296  0.66   4.0 
   0   295  0.65   4.0 
   0   303  0.64   3.9 
   0   285  0.69   4.2 
   0   285  0.70   4.2 
   0   272  0.74   4.4 
   0   282  0.74   4.2 
   0   284  0.73   4.2 
   0   281  0.75   4.2 
   0   280  0.75   4.3 
   0   294  0.69   4.1 
   0   281  0.74   4.3 
   0   275  0.76   4.4 
   0   275  0.74   4.4 
   0   265  0.74   4.5 
   0   259  0.74   4.6 
   0   259  0.79   4.6 
   0   261  0.73   4.6 
   0   258  0.71   4.6 
   0   252  0.72   4.7 
   0   264  0.65   4.5 
   0   252  0.66   4.7 
   0   268  0.62   4.5 
   0   256  0.62   4.6 
   0   267  0.59   4.5 
   0   265  0.52   4.5 
   0   264  0.55   4.5 
   0   249  0.57   4.8 
   0   253  0.50   4.7 
   0   249  0.54   4.8 
   0   244  0.55   4.9 
   0   250  0.53   4.8 
   0   246  0.51   4.8 
   0   258  0.47   4.6 
   0   244  0.51   4.9 
   0   237  0.52   5.0 
   0   265  0.46   4.5 
   0   273  0.44   4.4 
   0   255  0.47   4.7 
   0   254  0.46   4.7 
   0   257  0.46   4.6 
   0   250  0.46   4.8 
   0   260  0.42   4.6 
   0   252  0.44   4.7 
   0   245  0.44   4.9 
   0   257  0.41   4.6 
   0   261  0.38   4.6 
   0   264  0.39   4.5 
   0   260  0.40   4.6 
   0   281  0.36   4.2 
   0   279  0.37   4.3 
   0   269  0.38   4.4 
   0   252  0.40   4.7 
   0   275  0.33   4.4 
   0   260  0.36   4.6 
   0   283  0.33   4.2 
   0   288  0.30   4.2 
   0   287  0.34   4.2 
   0   297  0.31   4.0 
   0   283  0.31   4.2 
   0   277  0.34   4.3 
   0   267  0.34   4.5 
   0   272  0.30   4.4 
   0   275  0.28   4.4 
   0   261  0.29   4.6 
   0   277  0.28   4.3 
   0   287  0.29   4.2 
   0   269  0.27   4.4 
   0   263  0.27   4.5 
   0   271  0.25   4.4 
   0   264  0.28   4.5 
   0   268  0.28   4.5 
   0   270  0.28   4.4 
   0   288  0.26   4.1 
   0   274  0.30   4.4 
   0   280  0.30   4.3 
   0   280  0.31   4.3 
   0   282  0.30   4.2 
   0   277  0.32   4.3 
   0   274  0.31   4.2 
   0   277  0.30   4.3 
   0   294  0.29   4.1 
   0   287  0.29   4.2 
   0   288  0.30   4.1 
   0   276  0.31   4.3 
   0   277  0.30   4.3 
   0   315  0.28   3.8 
   0   291  0.32   4.1 
   0   295  0.31   4.0 
   0   318  0.30   3.8 
   0   291  0.31   4.1 
   0   286  0.34   4.2 
   0   300  0.30   4.0 
   0   295  0.29   4.1 
   0   300  0.27   4.0 
   0   281  0.28   4.3 
   0   297  0.28   4.0 
   0   311  0.25   3.8 
   0   291  0.26   4.1 
   0   263  0.30   4.5 
   0   264  0.29   4.5 
   0   252  0.31   4.7 
   0   253  0.33   4.7 
   0   276  0.28   4.3 
   0   265  0.31   4.5 
   0   250  0.34   4.8 
   0   253  0.32   4.7 
   0   288  0.32   4.1 
   0   297  0.32   4.0 
   0   295  0.30   4.0 
   0   278  0.29   4.3 
   0   275  0.32   4.4 
   0   286  0.30   4.2 
   0   275  0.30   4.4 
   0   274  0.29   4.4 
   0   284  0.28   4.2 
   0   289  0.27   4.1 
   0   273  0.26   4.4 
   0   276  0.24   4.3 
   0   280  0.23   4.3 
   0   266  0.23   4.5 
   0   286  0.24   4.2 
   0   305  0.24   3.9 
   0   327  0.24   3.7 
   0   318  0.24   3.8 
   0   321  0.23   3.7 
   0   295  0.25   4.1 
   0   317  0.24   3.8 
   0   303  0.25   3.9 
   0   334  0.23   3.6 
   0   307  0.23   3.9 
   0   278  0.25   4.3 
   0   309  0.22   3.9 
   0   304  0.22   3.9 
   0   301  0.20   4.0 
   0   297  0.20   4.0 
   0   295  0.21   4.0 
   0   298  0.21   4.0 
   0   295  0.20   4.0 
   0   307  0.21   3.9 
   0   352  0.20   3.4 
   0   371  0.19   3.2 
   0   363  0.20   3.3 
   0   372  0.19   3.2 
   0   403  0.17   3.0 
   0   319  0.20   3.7 
   0   319  0.19   3.7 
   0   356  0.17   3.4 
   0   309  0.18   3.9 
   0   313  0.19   3.8 
   0   341  0.19   3.5 
   0   356  0.20   3.4 
   0   349  0.20   3.4 
   0   365  0.19   3.3 
   0   360  0.18   3.3 
   0   389  0.18   3.1 
   0   381  0.18   3.1 
   0   357  0.19   3.3 
   0   370  0.18   3.2 
   0   383  0.16   3.1 
   0   350  0.18   3.4 
   0   362  0.17   3.3 
   0   316  0.18   3.8 
   0   293  0.18   4.1 
   0   285  0.18   4.2 
   0   287  0.17   4.2 
   0   278  0.17   4.3 
   0   298  0.16   4.0 
   0   295  0.17   4.1 
   0   306  0.16   3.9 
   0   295  0.18   4.1 
   0   296  0.17   4.0 
   0   283  0.18   4.2 
   0   305  0.16   3.9 
   0   304  0.17   3.9 
   0   320  0.16   3.7 
   0   311  0.18   3.8 
   0   337  0.15   3.5 
   0   305  0.16   3.9 
   0   321  0.15   3.7 
   0   318  0.15   3.8 
   0   321  0.15   3.7 
   0   298  0.17   4.0 
9999  9999 99.99 999.9 
   0   295  0.17   4.1 
   0   319  0.15   3.7 
   0   319  0.16   3.7 
   0   321  0.16   3.7 
   0   321  0.15   3.7 
   0   323  0.16   3.7 
   0   316  0.15   3.8 
   0   336  0.15   3.5 
   0   352  0.14   3.4 
   0   316  0.16   3.8 
   0   324  0.16   3.7 
   0   339  0.15   3.5 
   0   353  0.14   3.4 
   0   379  0.15   3.2 
   0   388  0.16   3.1 
   0   417  0.15   2.9 
   0   430  0.15   2.8 
   0   454  0.14   2.6 
   0   437  0.14   2.7 
   0   440  0.13   2.7 
   0   435  0.12   2.8 
   0   414  0.12   2.9 
   0   413  0.13   2.9 
   0   463  0.12   2.6 
   0   449  0.13   2.7 
   0   448  0.13   2.7 
   0   473  0.11   2.5 
   0   454  0.12   2.6 
   0   445  0.11   2.7 
   0   433  0.11   2.8 
   0   448  0.11   2.7 
   0   433  0.12   2.8 
   0   420  0.12   2.9 
   0   433  0.13   2.8 
   0   457  0.13   2.6 
   0   429  0.15   2.8 
   0   437  0.15   2.7 
   0   464  0.14   2.6 
   0   483  0.14   2.5 
   0   485  0.14   2.5 
   0   472  0.14   2.5 
   0   488  0.13   2.5 
   0   478  0.12   2.5 
   0   435  0.14   2.7 
   0   416  0.14   2.9 
   0   382  0.15   3.1 
   0   372  0.18   3.2 
   0   412  0.18   2.9 
   0   426  0.17   2.8 
   0   420  0.18   2.8 
   0   443  0.22   2.7 
   0   410  0.22   2.9 
   0   394  0.21   3.0 
   0   407  0.23   2.9 
   0   407  0.24   2.9 
   0   337  0.24   3.6 
   0   340  0.25   3.5 
   0   344  0.27   3.5 
   0   332  0.27   3.6 
   0   281  0.30   4.2 
   0   273  0.28   4.4 
   0   290  0.24   4.1 
   0   282  0.30   4.2 
   0   264  0.34   4.5 
   0   265  0.33   4.5 
   0   292  0.31   4.1 
   0   296  0.34   4.0 
   0   327  0.29   3.7 
   0   301  0.29   4.0 
   0   305  0.27   3.9 
   0   302  0.25   4.0 
   0   279  0.25   4.3 
   0   262  0.25   4.6 
   0   255  0.28   4.7 
   0   256  0.30   4.7 
   0   254  0.26   4.7 
   0   226  0.30   5.3 
   0   243  0.25   4.9 
   0   239  0.27   5.0 
   0   240  0.26   5.0 
   0   247  0.27   4.8 
   0   230  0.34   5.2 
   0   228  0.35   5.2 
   0   224  0.37   5.3 
   0   235  0.32   5.1 
   0   290  0.30   4.1 
   0   298  0.32   4.0 
   0   309  0.31   3.9 
   0   315  0.34   3.8 
   0   348  0.34   3.4 
   0   348  0.36   3.4 
   0   333  0.37   3.6 
   0   334  0.35   3.6 
   0   331  0.39   3.6 
   0   344  0.40   3.5 
   0   328  0.52   3.6 
   0   332  0.51   3.6 
   0   337  0.57   3.5 
   0   338  0.61   3.5 
   0   320  0.66   3.7 
   0   325  0.62   3.7 
   0   331  0.60   3.6 
   0   320  0.53   3.7 
   0   325  0.46   3.7 
   0   350  0.50   3.4 
   0   341  0.56   3.5 
   0   331  0.57   3.6 
   0   336  0.56   3.6 
   0   337  0.54   3.5 
   0   328  0.56   3.6 
   0   316  0.60   3.8 
   0   315  0.62   3.8 
   0   310  0.61   3.9 
   0   314  0.64   3.8 
   0   318  0.67   3.8 
   0   304  0.70   3.9 
   0   289  0.71   4.1 
   0   279  0.76   4.3 
   0   286  0.78   4.2 
   0   264  1.01   4.5 
   0   248  1.12   4.8 
   0   243  1.21   4.9 
   0   244  1.17   4.9 
   0   211  1.13   4.8 
   0   224  1.42   5.3 
   0   226  1.32   5.3 
   0   235  1.34   5.1 
   0   206  1.73   5.8 
   0   213  1.66   5.6 
   0   204  1.85   5.8 
   0   200  1.86   6.0 
   0   200  1.95   6.0 
   0   173  2.41   6.9 
   0   177  2.24   6.7 
   0   176  2.43   6.8 
   0   169  2.68   7.0 
   0   144  3.19   8.2 
   0   157  2.79   7.6 
   0   150  2.79   7.5 
   0   137  2.72   7.4 
   0   158  2.87   7.5 
   0   165  2.73   7.2 
   0   154  3.00   7.7 
   0   159  2.61   7.5 
   0   162  2.73   7.4 
   0   165  2.50   7.2 
   0   163  2.49   7.3 
   0   169  2.46   7.1 
   0   176  2.20   6.7 
   0   169  2.45   7.1 
   0   174  2.28   6.9 
   0   179  2.26   6.7 
   0   178  2.12   6.7 
   0   184  2.03   6.5 
   0   176  2.05   6.8 
   0   174  1.99   6.9 
   0   176  2.08   6.8 
   0   186  1.86   6.4 
   0   186  1.89   6.4 
   0   181  1.87   6.6 
   0   184  1.93   6.5 
   0   197  1.75   6.1 
   0   194  1.81   6.2 
   0   181  1.92   6.6 
   0   210  1.59   5.7 
   0   202  1.65   5.9 
   0   201  1.66   5.9 
   0   198  1.73   6.0 
   0   197  1.67   6.1 
   0   213  1.50   5.6 
   0   198  1.69   6.0 
   0   206  1.61   5.8 
   0   208  1.61   5.7 
   0   201  1.64   5.9 
   0   214  1.45   5.6 
   0   214  1.50   5.6 
   0   215  1.41   5.6 
   0   208  1.48   5.8 
   0   200  1.45   6.0 
   0   218  1.37   5.5 
   0   218  1.34   5.5 
   0   209  1.32   5.7 
   0   220  1.24   5.4 
   0   223  1.18   5.3 
   0   212  1.18   5.6 
   0   215  1.16   5.6 
   0   238  1.00   5.0 
   0   244  1.00   4.9 
   0   234  1.02   5.1 
   0   227  1.02   5.3 
   0   233  0.96   5.1 
   0   239  0.95   5.0 
   0   242  0.87   4.9 
   0   241  0.91   5.0 
   0   241  0.89   5.0 
   0   245  0.83   4.9 
   0   253  0.76   4.7 
   0   242  0.73   4.7 
   0   261  0.75   4.6 
   0   249  0.77   4.8 
   0   248  0.76   4.8 
   0   250  0.74   4.8 
   0   251  0.72   4.8 
   0   260  0.66   4.6 
   0   259  0.67   4.6 
   0   252  0.69   4.7 
   0   280  0.68   4.3 
   0   267  0.67   4.5 
   0   278  0.66   4.3 
   0   289  0.67   4.1 
   0   288  0.61   4.2 
   0   272  0.64   4.4 
   0   278  0.64   4.3 
   0   290  0.61   4.1 
   0   269  0.66   4.4 
   0   277  0.63   4.3 
   0   274  0.60   4.4 
   0   276  0.57   4.3 
   0   271  0.53   4.4 
   0   268  0.53   4.4 
   0   272  0.50   4.4 
   0   263  0.48   4.5 
   0   258  0.48   4.6 
   0   260  0.48   4.6 
   0   267  0.43   4.5 
   0   271  0.43   4.4 
   0   274  0.40   4.4 
   0   271  0.43   4.4 
   0   272  0.39   4.4 
   0   275  0.37   4.4 
   0   260  0.37   4.6 
   0   299  0.33   4.0 
   0   280  0.34   4.3 
   0   277  0.34   4.3 
   0   275  0.34   4.4 
   0   284  0.35   4.2 
   0   293  0.31   4.1 
   0   308  0.29   3.9 
   0   291  0.30   4.1 
   0   298  0.30   4.0 
   0   282  0.31   4.2 
   0   287  0.27   4.2 
   0   271  0.27   4.4 
   0   265  0.29   4.5 
   0   281  0.32   4.2 
   0   294  0.32   4.1 
   0   300  0.30   4.0 
   0   316  0.30   3.8 
   0   285  0.32   4.2 
   0   310  0.30   3.8 
   0   323  0.29   3.7 
   0   317  0.28   3.8 
   0   325  0.26   3.7 
   0   321  0.27   3.7 
   0   299  0.28   4.0 
   0   301  0.27   4.0 
   0   309  0.25   3.9 
   0   320  0.24   3.7 
   0   313  0.23   3.8 
   0   304  0.23   3.9 
   0   320  0.21   3.7 
   0   317  0.21   3.8 
   0   324  0.21   3.7 
   0   334  0.19   3.6 
   0   322  0.20   3.7 
   0   292  0.20   4.1 
   0   340  0.18   3.5 
   0   348  0.18   3.4 
   0   340  0.17   3.5 
   0   337  0.17   3.6 
   0   339  0.16   3.5 
   0   342  0.17   3.5 
   0   338  0.17   3.5 
   0   351  0.16   3.4 
   0   337  0.17   3.5 
   0   362  0.16   3.3 
   0   355  0.15   3.4 
   0   358  0.14   3.3 
   0   363  0.13   3.3 
   0   351  0.13   3.4 
   0   346  0.13   3.5 
   0   362  0.12   3.3 
   0   397  0.11   3.0 
   0   373  0.11   3.2 
   0   375  0.11   3.2 
   0   417  0.11   2.9 
   0   481  0.11   2.5 
   0   439  0.11   2.7 
   0   460  0.11   2.6 
   0   457  0.11   2.6 
   0   437  0.10   2.7 
   0   435  0.10   2.7 
   0   502  0.09   2.4 
   0   438  0.10   2.7 
   0   446  0.09   2.7 
   0   505  0.09   2.4 
   0   487  0.10   2.5 
   0   518  0.11   2.3 
   0   489  0.11   2.4 
   0   483  0.10   2.5 
   0   506  0.10   2.4 
   0   448  0.10   2.7 
   0   450  0.10   2.7 
   0   452  0.11   2.6 
   0   404  0.12   3.0 
   0   440  0.13   2.7 
   0   397  0.13   3.0 
   0   362  0.15   3.3 
   0   365  0.17   3.3 
   0   379  0.18   3.2 
   0   392  0.17   3.1 
   0   360  0.19   3.3 
   0   362  0.19   3.3 
   0   376  0.19   3.2 
   0   333  0.20   3.6 
   0   312  0.22   3.8 
   0   290  0.22   4.1 
   0   274  0.26   4.4 
   0   278  0.26   4.3 
   0   276  0.26   4.3 
   0   256  0.27   4.7 
   0   282  0.22   4.2 
   0   243  0.27   4.9 
   0   261  0.26   4.6 
   0   281  0.24   4.2 
   0   266  0.26   4.5 
   0   260  0.26   4.6 
   0   270  0.25   4.4 
   0   253  0.28   4.7 
   0   262  0.25   4.6 
   0   244  0.28   4.9 
   0   262  0.27   4.5 
   0   252  0.27   4.7 
   0   241  0.30   4.9 
   0   226  0.32   5.3 
   0   242  0.32   4.9 
   0   232  0.35   5.2 
   0   232  0.37   5.2 
   0   236  0.39   5.0 
   0   230  0.41   5.2 
   0   222  0.43   5.4 
   0   222  0.46   5.4 
   0   223  0.44   5.4 
   0   238  0.41   5.0 
   0   254  0.41   4.7 
   0   241  0.44   5.0 
   0   259  0.38   4.6 
   0   246  0.42   4.8 
   0   240  0.42   5.0 
   0   259  0.42   4.6 
   0   279  0.45   4.3 
   0   273  0.44   4.4 
   0   291  0.44   4.1 
