                       
   0   179  0.74   6.7 
   0   185  0.66   6.4 
   0   183  0.69   6.5 
   0   173  0.71   6.8 
   0   185  0.63   6.5 
   0   186  0.67   6.4 
   0   175  0.73   6.8 
   0   180  0.65   6.6 
   0   180  0.72   6.6 
   0   187  0.64   6.3 
   0   187  0.67   6.4 
   0   194  0.63   6.1 
   0   184  0.73   6.5 
   0   192  0.65   6.2 
   0   189  0.64   6.3 
   0   191  0.68   6.3 
   0   184  0.64   6.5 
   0   185  0.68   6.5 
   0   180  0.72   6.6 
   0   204  0.63   5.9 
   0   200  0.63   6.0 
   0   195  0.63   6.1 
   0   172  0.74   6.9 
   0   199  0.62   6.0 
   0   196  0.63   6.1 
   0   201  0.65   5.9 
   0   221  0.60   5.4 
   0   184  0.67   5.7 
   0   205  0.59   5.1 
   0   210  0.63   5.7 
   0   200  0.62   5.9 
   0   189  0.66   6.3 
   0   184  0.67   6.5 
   0   174  0.70   6.8 
   0   191  0.63   6.3 
   0   170  0.71   7.0 
   0   173  0.66   6.9 
   0   170  0.74   7.0 
   0   174  0.68   6.9 
   0   161  0.80   7.4 
   0   162  0.82   7.4 
   0   150  0.87   8.0 
   0   162  0.76   7.4 
   0   184  0.69   6.5 
   0   181  0.73   6.6 
   0   179  0.72   6.6 
   0   169  0.82   7.1 
   0   174  0.79   6.9 
   0   180  0.79   6.6 
   0   195  0.74   6.1 
   0   198  0.74   6.0 
   0   178  0.81   6.7 
   0   184  0.76   6.5 
   0   179  0.82   6.7 
   0   178  0.83   6.7 
   0   179  0.82   6.7 
   0   198  0.73   6.0 
   0   181  0.77   6.6 
   0   195  0.74   6.1 
   0   206  0.71   5.8 
   0   195  0.75   6.1 
   0   204  0.73   5.9 
   0   179  0.79   6.7 
   0   188  0.80   6.4 
   0   198  0.72   6.0 
   0   183  0.72   6.5 
   0   173  0.83   6.8 
   0   189  0.75   6.3 
   0   186  0.71   6.4 
   0   189  0.70   6.3 
   0   176  0.85   6.8 
   0   200  0.68   5.9 
   0   188  0.79   6.3 
   0   180  0.83   6.6 
   0   194  0.80   6.2 
   0   191  0.82   6.2 
   0   183  0.84   6.5 
   0   186  0.85   6.4 
   0   181  0.94   6.6 
   0   193  0.83   6.2 
   0   171  0.92   7.0 
9999  9999 99.99 999.9 
   0   192  0.92   6.2 
   0   199  0.87   6.0 
   0   191  0.83   6.2 
   0   168  1.02   7.1 
   0   190  0.94   6.3 
   0   193  0.93   6.2 
   0   184  0.95   6.5 
   0   187  0.96   6.3 
   0   185  0.97   6.5 
   0   199  0.89   6.0 
   0   179  0.92   6.0 
   0   171  0.85   5.5 
   0   203  0.92   5.9 
   0   208  0.89   5.7 
   0   201  0.94   5.9 
   0   216  0.93   5.5 
   0   217  0.88   5.5 
   0   212  0.92   5.6 
   0   215  0.92   5.5 
   0   200  0.95   6.0 
   0   217  0.91   5.5 
   0   225  0.92   5.3 
   0   212  0.92   5.6 
   0   205  0.98   5.8 
   0   209  0.97   5.7 
   0   215  0.91   5.5 
   0   205  0.93   5.8 
   0   225  0.88   5.3 
   0   208  0.93   5.8 
   0   208  0.96   5.8 
   0   214  0.87   5.6 
   0   214  0.88   5.5 
   0   223  0.86   5.3 
   0   203  0.98   5.9 
   0   216  0.97   5.5 
   0   209  0.94   5.7 
   0   202  1.02   5.9 
   0   205  0.98   5.8 
   0   216  0.94   5.5 
   0   202  0.96   5.9 
   0   200  1.00   6.0 
   0   204  0.99   5.9 
   0   199  1.06   6.0 
   0   204  1.04   5.8 
   0   201  1.04   5.9 
   0   190  1.11   6.3 
   0   207  1.04   5.8 
   0   204  1.09   5.9 
   0   202  1.05   5.9 
   0   195  1.10   6.1 
   0   196  1.08   6.1 
   0   200  1.21   6.0 
   0   206  1.17   5.8 
   0   197  1.23   6.0 
   0   202  1.29   5.9 
   0   203  1.33   5.8 
   0   191  1.42   6.3 
   0   192  1.48   6.2 
   0   192  1.40   6.2 
   0   199  1.29   6.0 
   0   201  1.23   6.0 
   0   187  1.34   6.4 
   0   193  1.27   6.2 
   0   187  1.39   6.4 
   0   190  1.30   6.3 
   0   189  1.30   6.3 
   0   179  1.41   6.7 
   0   182  1.25   6.6 
   0   192  1.33   6.2 
   0   176  1.35   6.8 
   0   193  1.22   6.2 
   0   194  1.24   6.2 
   0   190  1.28   6.3 
   0   187  1.26   6.4 
   0   184  1.25   6.5 
   0   178  1.29   6.7 
   0   179  1.36   6.7 
   0   185  1.26   6.4 
   0   180  1.35   6.6 
   0   181  1.32   6.6 
   0   187  1.33   6.4 
   0   170  1.45   7.0 
   0   181  1.31   6.6 
   0   177  1.37   6.7 
   0   176  1.42   6.8 
   0   176  1.40   6.8 
   0   181  1.33   6.6 
   0   173  1.42   6.9 
   0   165  1.49   7.0 
   0   168  1.36   6.5 
   0   184  1.28   6.5 
   0   173  1.33   6.9 
   0   171  1.25   7.0 
   0   168  1.30   7.1 
   0   166  1.29   7.2 
   0   159  1.38   7.5 
   0   158  1.41   7.5 
   0   174  1.20   6.9 
   0   157  1.27   7.5 
   0   153  1.30   7.8 
   0   149  1.48   8.0 
   0   159  1.32   7.5 
   0   164  1.24   7.2 
   0   160  1.17   7.4 
   0   153  1.30   7.8 
   0   153  1.38   7.8 
   0   155  1.34   7.7 
   0   151  1.34   7.9 
   0   150  1.31   7.9 
   0   154  1.34   7.7 
   0   159  1.26   7.5 
   0   151  1.37   7.9 
   0   151  1.34   7.9 
   0   162  1.16   7.3 
   0   151  1.31   7.9 
   0   150  1.31   7.9 
   0   159  1.21   7.5 
   0   151  1.36   7.9 
   0   147  1.38   8.1 
   0   151  1.30   7.8 
   0   144  1.34   8.3 
   0   150  1.43   8.0 
   0   151  1.31   7.9 
   0   151  1.44   7.9 
   0   141  1.40   8.4 
   0   146  1.45   8.1 
   0   142  1.37   8.4 
   0   144  1.39   8.3 
   0   148  1.38   8.0 
   0   153  1.39   7.8 
   0   155  1.37   7.6 
   0   153  1.38   7.8 
   0   166  1.34   7.2 
   0   163  1.37   7.3 
   0   172  1.34   6.9 
   0   147  1.45   8.1 
   0   154  1.36   7.7 
   0   150  1.45   7.9 
   0   165  1.26   7.2 
   0   156  1.41   7.6 
   0   155  1.34   7.7 
   0   158  1.34   7.5 
   0   155  1.35   7.7 
   0   166  1.31   7.2 
   0   160  1.34   7.5 
   0   173  1.19   6.9 
   0   180  1.11   6.6 
   0   171  1.25   6.9 
   0   163  1.19   7.3 
   0   175  1.09   6.8 
   0   173  1.20   6.8 
   0   171  1.13   7.0 
   0   175  1.03   6.8 
   0   171  1.15   7.0 
   0   167  1.14   7.1 
   0   172  1.18   6.9 
   0   160  1.17   7.5 
   0   177  1.05   6.8 
   0   177  1.05   6.7 
   0   195  0.92   6.1 
   0   166  1.09   7.2 
   0   155  1.17   7.7 
   0   162  1.16   7.4 
   0   171  1.00   6.9 
   0   164  1.16   7.3 
   0   174  1.01   6.8 
   0   167  1.06   7.2 
   0   163  1.10   7.3 
   0   167  1.08   7.1 
   0   171  1.04   6.9 
   0   158  1.22   7.6 
   0   166  1.14   7.2 
   0   161  1.15   7.4 
   0   161  1.10   7.4 
   0   167  1.07   7.2 
   0   161  1.11   7.4 
   0   151  1.17   7.9 
   0   150  1.23   8.0 
   0   160  1.09   7.4 
   0   151  1.17   7.9 
   0   155  1.13   7.7 
   0   158  1.19   7.5 
   0   151  1.06   7.9 
   0   158  1.10   7.6 
   0   142  1.19   8.4 
   0   157  1.12   7.6 
   0   146  1.28   8.2 
   0   141  1.24   8.4 
   0   137  1.33   8.7 
   0   135  1.33   8.8 
   0   141  1.26   8.4 
   0   148  1.26   8.1 
   0   136  1.28   8.7 
   0   146  1.17   8.2 
   0   132  1.33   9.0 
   0   140  1.34   8.5 
   0   134  1.32   8.9 
   0   130  1.58   9.2 
   0   131  1.48   9.1 
   0   131  1.43   9.1 
   0   136  1.32   8.8 
   0   123  1.74   9.6 
   0   134  1.47   8.9 
   0   132  1.56   9.0 
   0   132  1.41   9.0 
   0   136  1.41   8.7 
   0   145  1.31   8.2 
   0   143  1.26   8.3 
   0   138  1.43   8.6 
   0   126  1.56   9.4 
   0   134  1.38   8.8 
   0   131  1.42   9.1 
   0   138  1.39   8.5 
   0   144  1.31   8.3 
   0   142  1.32   8.4 
   0   145  1.28   8.2 
   0   129  1.60   9.3 
   0   132  1.45   8.9 
   0   147  1.31   8.1 
   0   163  1.13   7.3 
   0   169  1.19   7.1 
   0   159  1.20   7.5 
   0   154  1.26   7.7 
   0   151  1.27   7.9 
   0   152  1.34   7.9 
   0   165  1.22   7.2 
   0   162  1.20   7.4 
   0   172  1.16   6.9 
   0   147  1.44   8.1 
   0   156  1.29   7.7 
   0   149  1.42   8.0 
   0   168  1.30   7.1 
   0   150  1.45   7.9 
   0   158  1.36   7.6 
   0   145  1.54   8.2 
   0   152  1.43   7.8 
   0   154  1.35   7.7 
   0   153  1.39   7.8 
   0   144  1.44   8.3 
   0   125  1.81   9.5 
   0   145  1.46   8.1 
   0   132  1.79   9.1 
   0   131  1.67   9.1 
   0   122  2.00   9.7 
   0   134  1.69   8.9 
   0   150  1.42   7.9 
   0   141  1.54   8.4 
   0   141  1.66   8.5 
   0   140  1.57   8.4 
   0   139  1.60   8.6 
   0   128  1.61   9.3 
   0   147  1.42   8.1 
   0   135  1.48   8.7 
   0   145  1.42   8.3 
   0   148  1.37   8.0 
   0   136  1.53   8.8 
   0   154  1.31   7.7 
   0   153  1.32   7.8 
   0   139  1.47   8.5 
   0   144  1.42   8.2 
   0   164  1.25   7.3 
   0   154  1.40   7.7 
   0   159  1.25   7.5 
   0   149  1.42   8.0 
   0   150  1.43   7.9 
   0   153  1.48   7.8 
   0   160  1.40   7.5 
   0   163  1.31   7.3 
   0   154  1.44   7.7 
   0   162  1.41   7.4 
   0   147  1.49   8.1 
   0   146  1.56   8.2 
   0   148  1.54   8.0 
   0   151  1.51   7.9 
   0   154  1.45   7.7 
   0   143  1.63   8.4 
   0   142  1.61   8.4 
   0   141  1.58   8.4 
   0   123  1.86   9.7 
   0   152  1.54   7.8 
   0   156  1.51   7.7 
   0   159  1.52   7.5 
   0   156  1.55   7.6 
   0   146  1.63   8.1 
   0   144  1.71   8.3 
   0   135  1.74   8.8 
   0   145  1.65   8.2 
   0   136  1.87   8.7 
   0   152  1.58   7.8 
   0   157  1.53   7.6 
   0   146  1.60   8.1 
   0   142  1.67   8.4 
   0   151  1.63   7.9 
   0   141  1.66   8.4 
   0   151  1.47   7.9 
   0   146  1.64   8.1 
   0   152  1.54   7.9 
   0   159  1.46   7.4 
   0   129  1.73   9.2 
   0   144  1.57   8.3 
   0   138  1.75   8.5 
   0   135  1.73   8.9 
   0   131  1.73   9.1 
   0   128  1.78   9.2 
   0   131  1.72   9.0 
   0   131  1.75   9.0 
   0   142  1.61   8.3 
   0   128  1.66   9.3 
   0   136  1.69   8.7 
   0   152  1.40   7.9 
   0   126  1.78   9.4 
   0   127  1.88   9.4 
   0   132  1.67   9.0 
   0   127  1.74   9.4 
   0   137  1.70   8.6 
   0   125  1.84   9.6 
   0   129  1.80   9.2 
   0   136  1.66   8.8 
   0   146  1.46   8.1 
   0   133  1.71   9.0 
   0   121  1.93   9.7 
   0   134  1.60   8.9 
   0   134  1.64   8.8 
   0   124  1.81   9.6 
   0   130  1.85   9.1 
   0   141  1.64   8.3 
   0   146  1.60   8.2 
   0   139  1.71   8.6 
   0   144  1.61   8.2 
   0   145  1.60   8.2 
   0   146  1.53   8.2 
   0   130  1.85   9.1 
   0   131  1.88   9.1 
   0   132  1.83   9.0 
   0   141  1.79   8.4 
   0   135  1.77   8.8 
   0   137  1.72   8.7 
   0   152  1.54   7.8 
   0   158  1.41   7.5 
   0   140  1.68   8.5 
   0   154  1.54   7.8 
   0   158  1.39   7.6 
   0   145  1.60   8.2 
   0   148  1.56   8.0 
   0   147  1.57   8.1 
   0   140  1.75   8.5 
   0   147  1.67   8.0 
   0   144  1.55   8.3 
   0   148  1.59   8.0 
   0   173  1.31   6.9 
   0   169  1.41   7.1 
   0   156  1.49   7.7 
   0   142  1.60   8.3 
   0   166  1.28   7.2 
   0   156  1.51   7.6 
   0   147  1.54   8.1 
   0   173  1.28   6.9 
   0   159  1.41   7.4 
   0   161  1.39   7.4 
   0   159  1.37   7.5 
   0   156  1.37   7.6 
   0   162  1.35   7.4 
   0   164  1.27   7.3 
   0   167  1.29   7.1 
   0   162  1.41   7.3 
   0   183  1.30   6.5 
   0   182  1.25   6.6 
   0   175  1.33   6.8 
   0   163  1.41   7.3 
   0   183  1.29   6.5 
   0   189  1.29   6.3 
   0   189  1.20   6.3 
   0   169  1.38   7.0 
   0   172  1.38   6.9 
   0   190  1.25   6.3 
   0   173  1.40   6.8 
   0   191  1.30   6.3 
   0   184  1.34   6.4 
   0   171  1.40   7.0 
   0   180  1.29   6.6 
   0   187  1.27   6.4 
   0   194  1.21   6.1 
   0   169  1.41   7.1 
   0   181  1.26   6.6 
   0   178  1.34   6.7 
   0   179  1.30   6.6 
   0   203  1.22   5.9 
   0   163  1.42   7.3 
   0   181  1.25   6.6 
   0   177  1.25   6.8 
   0   191  1.18   6.2 
   0   190  1.15   6.3 
   0   166  1.34   7.1 
   0   157  1.44   7.6 
   0   183  1.24   6.5 
   0   185  1.27   6.5 
   0   182  1.24   6.6 
   0   182  1.22   6.6 
   0   177  1.17   6.7 
   0   188  1.18   6.4 
   0   184  1.19   6.5 
   0   168  1.31   7.1 
   0   183  1.21   6.4 
   0   177  1.27   6.7 
   0   175  1.28   6.8 
   0   174  1.26   6.9 
   0   162  1.41   7.3 
   0   163  1.28   7.3 
   0   162  1.26   7.3 
   0   181  1.14   6.6 
   0   172  1.19   6.9 
   0   160  1.27   7.4 
   0   171  1.24   7.0 
   0   178  1.20   6.7 
   0   173  1.26   6.8 
   0   160  1.34   7.5 
   0   177  1.21   6.7 
   0   177  1.14   6.8 
   0   189  1.08   6.3 
   0   172  1.18   6.9 
   0   171  1.14   7.0 
   0   173  1.15   6.9 
   0   186  1.08   6.3 
   0   174  1.18   6.9 
   0   164  1.22   7.2 
   0   168  1.24   7.1 
   0   170  1.16   7.0 
   0   189  1.13   6.3 
   0   178  1.10   6.7 
   0   160  1.31   7.5 
   0   172  1.21   6.9 
   0   176  1.24   6.7 
   0   180  1.20   6.6 
   0   177  1.22   6.7 
   0   199  1.14   6.0 
   0   199  1.13   6.0 
   0   204  1.18   5.9 
   0   202  1.24   5.9 
   0   199  1.21   6.0 
   0   206  1.13   5.8 
   0   196  1.18   6.1 
   0   212  1.12   5.6 
   0   200  1.24   6.0 
   0   190  1.28   6.3 
   0   192  1.23   6.2 
   0   208  1.23   5.7 
   0   202  1.27   5.9 
   0   189  1.35   6.3 
   0   192  1.33   6.2 
   0   203  1.18   5.9 
   0   201  1.23   6.0 
   0   202  1.21   5.9 
   0   177  1.39   6.8 
   0   206  1.24   5.8 
   0   212  1.25   5.6 
   0   201  1.20   5.9 
   0   200  1.33   6.0 
   0   207  1.26   5.8 
   0   207  1.24   5.7 
   0   212  1.22   5.6 
   0   211  1.18   5.7 
   0   218  1.15   5.5 
   0   212  1.11   5.6 
   0   209  1.17   5.7 
   0   205  1.20   5.8 
   0   193  1.15   6.2 
   0   196  1.22   6.1 
   0   213  1.04   5.6 
   0   187  1.13   6.4 
   0   202  1.04   5.9 
   0   201  1.04   5.9 
   0   200  1.07   6.0 
   0   201  1.15   5.9 
   0   202  1.14   5.9 
   0   202  1.13   5.9 
   0   207  1.17   5.8 
   0   215  1.13   5.5 
   0   204  1.21   5.9 
   0   211  1.18   5.7 
   0   202  1.22   5.9 
   0   219  1.22   5.4 
   0   211  1.29   5.7 
   0   213  1.23   5.6 
   0   205  1.27   5.8 
   0   205  1.27   5.8 
   0   214  1.16   5.6 
   0   210  1.20   5.7 
   0   212  1.27   5.6 
   0   214  1.32   5.6 
   0   210  1.32   5.7 
   0   199  1.42   6.0 
   0   197  1.39   6.1 
   0   202  1.33   5.9 
   0   197  1.41   6.1 
   0   202  1.37   5.9 
   0   191  1.39   6.2 
   0   198  1.36   6.1 
   0   189  1.43   6.3 
   0   194  1.30   6.2 
   0   191  1.39   6.2 
   0   178  1.53   6.7 
   0   200  1.41   6.0 
   0   184  1.45   6.5 
   0   195  1.43   6.1 
   0   182  1.49   6.5 
   0   199  1.47   6.0 
   0   195  1.55   6.1 
   0   196  1.50   6.1 
   0   192  1.59   6.2 
   0   190  1.65   6.3 
   0   182  1.63   6.5 
   0   179  1.71   6.6 
   0   186  1.60   6.4 
   0   200  1.45   6.0 
   0   196  1.60   6.1 
   0   194  1.58   6.2 
   0   196  1.55   6.1 
   0   189  1.58   6.2 
   0   207  1.48   5.8 
   0   190  1.65   6.3 
   0   194  1.63   6.2 
   0   186  1.91   6.4 
   0   198  1.59   6.0 
   0   183  1.76   6.5 
   0   172  1.87   6.9 
   0   190  1.70   6.3 
   0   190  1.74   6.3 
   0   182  1.82   6.6 
   0   177  1.79   6.7 
   0   185  1.68   6.4 
   0   174  1.87   6.9 
   0   169  2.00   7.1 
   0   175  1.74   6.8 
   0   177  1.70   6.7 
   0   163  1.90   7.3 
   0   172  1.69   6.9 
   0   172  1.77   6.9 
   0   159  1.76   7.5 
   0   159  1.73   7.5 
   0   153  1.77   7.8 
   0   163  1.62   7.3 
   0   160  1.66   7.5 
   0   174  1.50   6.8 
   0   162  1.80   7.3 
   0   172  1.61   7.0 
   0   158  1.69   7.5 
   0   150  1.84   8.0 
   0   170  1.66   7.0 
   0   150  2.01   7.9 
   0   158  1.59   7.5 
   0   162  1.56   7.3 
   0   146  1.74   8.2 
   0   148  1.64   8.1 
   0   139  1.73   8.5 
   0   148  1.66   8.0 
   0   137  1.73   8.7 
   0   134  1.84   8.9 
   0   146  1.47   8.2 
   0   146  1.55   8.1 
   0   144  1.61   8.3 
   0   132  1.68   9.0 
   0   136  1.57   8.7 
   0   137  1.63   8.7 
   0   132  1.65   9.0 
   0   145  1.41   8.2 
   0   140  1.48   8.5 
   0   145  1.36   8.2 
   0   138  1.52   8.6 
   0   142  1.47   8.4 
   0   126  1.54   9.4 
   0   130  1.51   9.2 
   0   137  1.45   8.7 
   0   142  1.31   8.4 
   0   143  1.27   8.3 
   0   133  1.48   9.0 
   0   140  1.35   8.5 
   0   138  1.36   8.6 
   0   131  1.42   9.1 
   0   140  1.45   8.5 
   0   147  1.20   8.1 
   0   138  1.34   8.6 
   0   134  1.50   8.9 
   0   136  1.35   8.8 
   0   142  1.31   8.3 
   0   133  1.52   9.0 
   0   143  1.32   8.3 
   0   150  1.12   7.9 
   0   139  1.35   8.5 
   0   143  1.26   8.4 
   0   141  1.34   8.4 
   0   137  1.29   8.7 
   0   145  1.29   8.2 
   0   148  1.18   8.0 
   0   141  1.23   8.4 
   0   146  1.18   8.2 
   0   147  1.23   8.1 
   0   150  1.15   8.0 
   0   142  1.25   8.3 
   0   135  1.31   8.9 
   0   148  1.14   8.1 
   0   143  1.06   8.3 
   0   127  1.20   9.3 
   0   142  1.10   8.4 
   0   133  1.15   9.0 
   0   138  1.04   8.6 
   0   150  0.96   7.9 
   0   146  0.99   8.2 
   0   161  0.91   7.4 
   0   154  0.93   7.7 
   0   157  0.95   7.6 
   0   144  1.04   8.3 
   0   147  1.01   8.1 
   0   147  0.99   8.1 
   0   164  0.89   7.3 
   0   142  0.92   8.4 
   0   148  0.89   8.0 
   0   152  0.86   7.8 
   0   148  0.87   8.0 
   0   161  0.81   7.4 
   0   161  0.81   7.4 
   0   157  0.78   7.5 
   0   139  0.92   8.5 
   0   156  0.77   7.6 
   0   150  0.76   7.9 
   0   144  0.87   8.3 
   0   148  0.86   8.0 
   0   149  0.84   8.0 
   0   125  0.99   9.6 
   0   134  0.82   8.8 
   0   140  0.81   8.5 
   0   143  0.77   8.3 
   0   132  0.91   9.1 
   0   122  0.97   9.7 
   0   123  0.87   9.7 
   0   129  0.82   9.2 
   0   120  0.87   9.9 
   0   130  0.85   9.2 
   0   129  0.87   9.2 
   0   134  0.80   8.8 
   0   126  0.78   9.4 
   0   129  0.83   9.2 
   0   127  0.89   9.4 
   0   124  0.83   9.6 
   0   132  0.86   9.0 
   0   150  0.72   7.9 
   0   134  0.88   8.9 
   0   140  0.86   8.4 
   0   139  0.87   8.6 
   0   141  0.78   8.4 
   0   146  0.77   8.2 
   0   137  0.82   8.7 
   0   131  0.75   9.0 
   0   137  0.81   8.7 
   0   140  0.74   8.5 
   0   136  0.77   8.7 
   0   136  0.75   8.7 
   0   144  0.75   8.3 
   0   150  0.72   7.9 
   0   145  0.70   8.2 
   0   146  0.67   8.2 
   0   153  0.66   7.8 
   0   138  0.71   8.6 
   0   139  0.75   8.6 
   0   133  0.77   8.9 
   0   156  0.62   7.6 
   0   144  0.71   8.2 
   0   154  0.64   7.8 
   0   151  0.67   7.9 
   0   142  0.67   8.4 
   0   149  0.67   8.0 
   0   144  0.67   8.3 
   0   150  0.65   7.9 
   0   150  0.60   8.0 
   0   140  0.70   8.5 
   0   152  0.65   7.8 
   0   138  0.77   8.6 
   0   138  0.70   8.4 
   0   145  0.65   8.2 
   0   139  0.70   8.5 
   0   165  0.61   7.2 
   0   162  0.59   7.4 
   0   162  0.64   7.3 
   0   172  0.64   7.0 
   0   158  0.70   7.5 
   0   168  0.66   7.1 
   0   180  0.66   6.6 
   0   161  0.75   7.4 
   0   162  0.66   7.3 
   0   157  0.75   7.6 
   0   161  0.74   7.4 
   0   153  0.74   7.8 
   0   161  0.74   7.4 
   0   153  0.74   7.8 
   0   173  0.71   6.9 
   0   137  0.88   8.6 
   0   137  0.90   8.7 
   0   140  0.82   8.5 
   0   148  0.77   8.1 
   0   142  0.79   8.4 
   0   159  0.72   7.5 
   0   140  0.73   8.5 
   0   155  0.70   7.7 
   0   159  0.66   7.5 
   0   151  0.70   7.9 
   0   126  0.91   9.4 
   0   145  0.69   8.2 
   0   152  0.65   7.8 
   0   138  0.70   8.6 
   0   133  0.74   8.9 
   0   138  0.66   8.6 
   0   146  0.63   8.2 
   0   135  0.70   8.8 
   0   127  0.75   9.4 
   0   126  0.68   9.4 
   0   126  0.76   9.5 
   0   127  0.67   9.3 
   0   123  0.71   9.6 
   0   136  0.67   8.7 
   0   135  0.67   8.8 
   0   143  0.61   8.3 
   0   137  0.65   8.7 
   0   144  0.61   8.3 
   0   117  0.82  10.1 
   0   139  0.65   8.5 
   0   139  0.61   8.5 
   0   126  0.73   9.5 
   0   117  0.83  10.2 
   0   143  0.61   8.3 
   0   138  0.66   8.6 
   0   145  0.62   8.2 
   0   145  0.57   8.2 
   0   149  0.59   7.9 
   0   155  0.60   7.6 
   0   144  0.68   8.3 
   0   152  0.58   7.8 
   0   157  0.53   7.6 
   0   155  0.53   7.7 
   0   153  0.62   7.8 
   0   189  0.48   6.3 
   0   168  0.53   7.1 
   0   169  0.51   7.1 
   0   181  0.53   6.6 
   0   200  0.49   5.9 
   0   221  0.50   5.4 
   0   182  0.58   6.6 
   0   207  0.52   5.8 
   0   185  0.56   6.5 
   0   183  0.53   6.5 
   0   201  0.51   5.9 
   0   183  0.52   6.5 
   0   177  0.51   6.7 
   0   166  0.55   7.1 
   0   164  0.49   7.3 
   0   148  0.57   8.1 
   0   151  0.53   7.9 
   0   145  0.55   8.2 
   0   142  0.53   8.4 
   0   152  0.52   7.9 
   0   140  0.56   8.5 
   0   150  0.52   7.9 
   0   142  0.57   8.4 
   0   138  0.58   8.7 
   0   149  0.53   7.9 
   0   146  0.57   8.2 
   0   145  0.57   8.2 
   0   145  0.56   8.2 
   0   149  0.55   7.9 
   0   151  0.54   7.8 
   0   139  0.55   8.6 
   0   142  0.61   8.4 
   0   138  0.61   8.7 
   0   140  0.62   8.5 
   0   153  0.50   7.7 
   0   148  0.55   8.0 
   0   140  0.61   8.5 
   0   134  0.63   8.9 
   0   152  0.67   7.8 
   0   208  0.63   5.7 
   0   211  0.74   5.7 
   0   211  0.73   5.7 
   0   201  0.80   5.9 
   0   208  0.71   5.7 
   0   198  0.75   6.0 
   0   199  0.74   6.0 
   0   216  0.70   5.5 
   0   211  0.73   5.7 
   0   215  0.71   5.6 
   0   211  0.71   5.7 
   0   218  0.66   5.4 
   0   208  0.68   5.7 
   0   212  0.65   5.6 
   0   203  0.65   5.8 
   0   207  0.66   5.8 
   0   205  0.64   5.8 
   0   214  0.63   5.6 
   0   202  0.59   5.9 
   0   211  0.59   5.7 
   0   207  0.61   5.8 
   0   208  0.60   5.7 
   0   200  0.61   6.0 
   0   188  0.65   6.3 
   0   187  0.67   6.4 
   0   198  0.64   6.1 
   0   204  0.61   5.8 
   0   197  0.63   6.0 
   0   186  0.65   6.4 
   0   204  0.62   5.9 
   0   198  0.62   6.0 
   0   194  0.64   6.2 
   0   208  0.57   5.7 
   0   187  0.63   6.4 
   0   194  0.62   6.1 
   0   183  0.61   6.5 
   0   179  0.64   6.6 
   0   179  0.65   6.7 
   0   195  0.60   6.1 
   0   187  0.61   6.4 
   0   183  0.60   6.5 
   0   173  0.68   6.9 
   0   188  0.60   6.3 
   0   182  0.66   6.5 
   0   193  0.56   6.2 
   0   171  0.67   7.0 
   0   190  0.60   6.3 
   0   188  0.58   6.3 
   0   210  0.54   5.6 
   0   210  0.55   5.7 
   0   183  0.62   6.5 
   0   186  0.59   6.4 
   0   182  0.61   6.6 
   0   179  0.60   6.7 
   0   176  0.63   6.8 
   0   169  0.61   7.1 
   0   177  0.63   6.8 
   0   170  0.63   7.0 
   0   187  0.53   6.4 
   0   183  0.56   6.5 
   0   173  0.62   6.9 
   0   195  0.52   6.1 
   0   195  0.52   6.1 
   0   177  0.56   6.7 
   0   192  0.51   6.2 
   0   185  0.53   6.4 
   0   174  0.57   6.8 
   0   170  0.54   7.0 
   0   160  0.63   7.5 
   0   170  0.55   7.0 
   0   166  0.53   7.2 
   0   195  0.47   6.1 
   0   185  0.49   6.5 
   0   170  0.54   7.0 
   0   163  0.52   7.3 
   0   155  0.55   7.7 
   0   162  0.53   7.3 
   0   181  0.46   6.6 
   0   179  0.46   6.6 
   0   166  0.51   7.2 
   0   159  0.49   7.5 
   0   182  0.45   6.5 
   0   167  0.51   7.1 
   0   147  0.55   8.1 
   0   176  0.49   6.8 
   0   170  0.46   7.0 
   0   167  0.44   7.2 
   0   164  0.48   7.3 
   0   162  0.47   7.3 
   0   163  0.47   7.3 
   0   155  0.52   7.6 
   0   171  0.47   7.0 
   0   159  0.50   7.5 
   0   161  0.49   7.4 
   0   172  0.47   6.9 
   0   184  0.43   6.5 
   0   184  0.43   6.4 
   0   164  0.48   7.2 
   0   178  0.41   6.7 
   0   162  0.47   7.3 
   0   179  0.40   6.6 
   0   160  0.46   7.4 
   0   157  0.46   7.6 
   0   147  0.48   8.1 
   0   170  0.39   7.0 
   0   166  0.43   7.2 
   0    63  0.40   7.0 
   0   131  0.38   7.1 
   0   156  0.45   7.6 
   0   160  0.40   7.4 
   0   158  0.38   7.5 
   0   169  0.38   7.0 
   0   144  0.43   8.2 
   0   160  0.39   7.5 
   0   169  0.38   7.1 
   0   174  0.36   6.9 
   0   162  0.38   7.4 
   0   163  0.37   7.3 
   0   165  0.36   7.2 
   0   153  0.41   7.8 
   0   161  0.37   7.4 
   0   153  0.39   7.8 
   0   161  0.39   7.4 
   0   156  0.39   7.7 
   0   169  0.37   7.1 
   0   171  0.38   6.9 
   0   168  0.37   7.1 
   0   146  0.42   8.1 
   0   171  0.35   7.0 
   0   182  0.32   6.6 
   0   157  0.36   7.6 
   0   171  0.36   7.0 
   0   167  0.36   7.1 
   0   157  0.37   7.6 
   0   155  0.36   7.7 
   0   155  0.38   7.7 
   0   158  0.35   7.6 
   0   171  0.34   6.9 
   0   146  0.40   8.1 
   0   170  0.36   7.0 
   0   168  0.33   7.1 
   0   166  0.34   7.2 
   0   161  0.34   7.4 
   0   165  0.34   7.2 
   0   167  0.35   7.2 
   0   160  0.34   7.5 
   0   168  0.33   7.1 
   0   185  0.31   6.5 
   0   193  0.30   6.2 
   0   203  0.33   5.9 
   0   198  0.33   6.0 
   0   199  0.34   6.0 
   0   225  0.32   5.3 
   0   239  0.31   5.0 
   0   231  0.34   5.1 
   0   238  0.34   5.0 
   0   224  0.34   5.3 
   0   225  0.34   5.3 
   0   235  0.32   5.1 
   0   235  0.30   5.1 
   0   216  0.33   5.5 
   0   218  0.34   5.5 
   0   224  0.33   5.3 
   0   206  0.38   5.8 
   0   218  0.35   5.5 
   0   241  0.32   4.9 
   0   217  0.34   5.5 
   0   222  0.36   5.4 
   0   225  0.34   5.3 
   0   233  0.34   5.1 
   0   240  0.32   4.9 
   0   236  0.33   5.0 
   0   240  0.32   5.0 
   0   244  0.32   4.9 
   0   244  0.31   4.9 
   0   224  0.36   5.3 
   0   223  0.35   5.3 
   0   230  0.33   5.2 
   0   247  0.32   4.8 
   0   265  0.30   4.5 
   0   231  0.33   5.1 
   0   251  0.30   4.7 
   0   216  0.35   5.5 
   0   255  0.32   4.7 
   0   258  0.31   4.6 
   0   259  0.32   4.6 
   0   212  0.33   5.6 
   0   224  0.33   5.3 
   0   223  0.34   5.4 
   0   221  0.36   5.4 
   0   246  0.31   4.9 
   0   217  0.35   5.5 
   0   216  0.34   5.5 
   0   220  0.35   5.4 
   0   223  0.34   5.4 
   0   234  0.33   5.1 
   0   221  0.35   5.4 
   0   223  0.34   5.4 
   0   220  0.34   5.4 
   0   220  0.35   5.4 
   0   226  0.35   5.3 
   0   220  0.35   5.4 
   0   220  0.35   5.4 
   0   249  0.32   4.8 
   0   227  0.35   5.2 
   0   212  0.38   5.6 
   0   222  0.34   5.3 
   0   222  0.35   5.3 
   0   257  0.30   4.6 
   0   231  0.34   5.2 
   0   224  0.36   5.3 
   0   235  0.33   5.0 
   0   221  0.36   5.4 
   0   234  0.35   5.0 
   0   220  0.38   5.4 
   0   237  0.34   5.0 
   0   217  0.36   5.5 
   0   220  0.36   5.4 
   0   214  0.36   5.6 
   0   211  0.36   5.7 
   0   222  0.36   5.4 
   0   227  0.37   5.3 
   0   265  0.34   4.5 
   0   272  0.36   4.4 
   0   278  0.39   4.3 
   0   306  0.41   3.9 
   0   309  0.45   3.9 
   0   323  0.50   3.7 
   0   317  0.55   3.7 
   0   316  0.57   3.8 
   0   316  0.66   3.8 
   0   297  0.74   4.0 
   0   291  0.75   4.1 
   0   286  0.81   4.2 
   0   286  0.77   4.2 
   0   280  0.84   4.3 
   0   298  0.76   4.0 
   0   288  0.77   4.2 
   0   282  0.80   4.2 
   0   276  0.83   4.3 
   0   273  0.86   4.4 
   0   286  0.85   4.2 
   0   274  0.78   4.3 
   0   280  0.84   4.3 
   0   282  0.79   4.2 
   0   280  0.85   4.3 
   0   277  0.88   4.3 
   0   293  0.78   4.1 
   0   290  0.79   4.1 
   0   281  0.84   4.2 
   0   292  0.77   4.1 
   0   283  0.83   4.2 
   0   282  0.78   4.2 
   0   284  0.79   4.2 
   0   287  0.77   4.2 
   0   273  0.76   4.1 
   0   285  0.74   4.1 
   0   285  0.71   4.2 
   0   292  0.73   4.1 
   0   286  0.77   4.2 
   0   293  0.72   4.1 
   0   283  0.80   4.2 
   0   279  0.84   4.3 
   0   282  0.83   4.2 
   0   285  0.81   4.2 
   0   273  0.87   4.4 
   0   274  0.87   4.4 
   0   286  0.83   4.2 
   0   287  0.87   4.2 
   0   284  0.82   4.2 
   0   275  0.86   4.4 
   0   274  0.79   4.4 
   0   277  0.79   4.3 
   0   276  0.78   4.3 
   0   280  0.73   4.3 
   0   288  0.70   4.2 
   0   293  0.73   4.1 
   0   288  0.71   4.2 
   0   298  0.66   4.0 
   0   259  0.75   4.6 
   0   275  0.70   4.3 
   0   289  0.65   4.1 
   0   289  0.68   4.1 
   0   289  0.69   4.1 
   0   275  0.75   4.4 
   0   288  0.70   4.2 
   0   275  0.70   4.3 
   0   272  0.82   4.4 
   0   278  0.70   4.3 
   0   275  0.74   4.4 
   0   275  0.74   4.3 
   0   260  0.76   4.6 
   0   267  0.72   4.5 
   0   268  0.72   4.5 
   0   268  0.73   4.5 
   0   265  0.70   4.5 
   0   273  0.64   4.4 
   0   266  0.70   4.5 
   0   272  0.68   4.4 
   0   263  0.69   4.5 
   0   256  0.74   4.7 
   0   277  0.73   4.3 
   0   266  0.72   4.5 
   0   277  0.71   4.3 
   0   266  0.81   4.5 
   0   287  0.82   4.2 
   0   259  0.83   4.6 
   0   273  0.84   4.4 
   0   261  0.93   4.6 
   0   272  0.91   4.4 
   0   269  0.91   4.4 
   0   263  0.90   4.5 
   0   272  0.84   4.4 
   0   268  0.88   4.5 
   0   268  0.79   4.5 
   0   277  0.84   4.3 
   0   270  0.90   4.4 
   0   266  0.83   4.5 
   0   271  0.87   4.4 
   0   278  0.82   4.3 
   0   271  0.81   4.4 
   0   255  0.88   4.7 
   0   258  0.89   4.6 
   0   268  0.86   4.5 
   0   271  0.82   4.4 
   0   256  0.89   4.7 
   0   246  0.91   4.9 
   0   266  0.86   4.5 
   0   272  0.82   4.4 
   0   262  0.85   4.6 
   0   253  0.84   4.7 
   0   264  0.80   4.5 
   0   261  0.75   4.6 
   0   255  0.76   4.7 
   0   251  0.78   4.7 
   0   262  0.79   4.6 
   0   258  0.69   4.6 
   0   264  0.66   4.5 
   0   258  0.68   4.6 
   0   258  0.66   4.6 
   0   244  0.70   4.9 
   0   241  0.70   5.0 
   0   242  0.73   4.9 
   0   249  0.70   4.8 
   0   236  0.69   5.1 
   0   237  0.73   5.0 
   0   240  0.68   5.0 
   0   253  0.68   4.7 
   0   235  0.74   5.1 
   0   230  0.75   5.2 
   0   238  0.71   5.0 
   0   250  0.67   4.8 
   0   229  0.73   5.2 
   0   247  0.72   4.8 
   0   232  0.75   5.1 
   0   222  0.79   5.4 
   0   232  0.71   5.1 
   0   252  0.65   4.7 
   0   245  0.66   4.9 
   0   235  0.70   5.1 
   0   240  0.71   5.0 
   0   238  0.68   5.0 
   0   246  0.64   4.9 
   0   239  0.65   5.0 
   0   244  0.64   4.9 
   0   231  0.63   5.2 
   0   238  0.64   5.0 
   0   236  0.67   5.1 
   0   237  0.64   5.0 
   0   239  0.61   5.0 
   0   238  0.63   5.0 
   0   253  0.61   4.7 
   0   238  0.61   5.0 
   0   250  0.57   4.8 
   0   232  0.60   5.2 
   0   250  0.57   4.8 
   0   233  0.60   5.1 
   0   252  0.53   4.7 
   0   212  0.63   5.6 
   0   241  0.57   4.9 
   0   235  0.57   5.1 
   0   238  0.55   5.0 
   0   230  0.57   5.2 
   0   238  0.54   5.0 
   0   241  0.51   4.9 
   0   242  0.56   4.9 
   0   245  0.52   4.8 
   0   247  0.51   4.8 
   0   245  0.52   4.9 
   0   252  0.51   4.7 
   0   223  0.55   5.0 
   0   206  0.52   4.7 
   0   243  0.52   4.8 
   0   244  0.52   4.9 
   0   244  0.53   4.9 
   0   222  0.54   5.4 
   0   233  0.53   5.1 
   0   239  0.49   5.0 
   0   223  0.57   5.4 
   0   238  0.53   5.0 
   0   242  0.51   4.9 
   0   232  0.54   5.2 
   0   228  0.52   5.2 
   0   231  0.52   5.2 
   0   231  0.54   5.2 
   0   217  0.55   5.5 
   0   209  0.54   5.7 
   0   225  0.52   5.3 
   0   220  0.49   5.4 
   0   214  0.54   5.6 
   0   213  0.54   5.6 
   0   223  0.50   5.4 
   0   213  0.52   5.6 
   0   208  0.56   5.7 
   0   229  0.51   5.2 
   0   220  0.51   5.4 
   0   244  0.52   4.9 
   0   243  0.53   4.9 
   0   268  0.47   4.5 
   0   251  0.47   4.8 
   0   242  0.49   4.9 
   0   238  0.49   5.0 
   0   233  0.52   5.1 
   0   238  0.49   5.0 
   0   237  0.48   5.0 
   0   236  0.47   5.1 
   0   220  0.51   5.4 
   0   225  0.49   5.3 
   0   230  0.48   5.2 
   0   223  0.47   5.4 
   0   234  0.46   5.1 
   0   217  0.48   5.5 
   0   226  0.45   5.3 
   0   228  0.48   5.2 
   0   240  0.46   5.0 
   0   218  0.46   5.5 
   0   230  0.45   5.2 
   0   230  0.44   5.2 
   0   227  0.46   5.3 
   0   225  0.45   5.3 
   0   226  0.45   5.3 
   0   234  0.43   5.1 
   0   232  0.42   5.1 
   0   234  0.43   5.1 
   0   243  0.41   4.9 
   0   235  0.43   5.1 
   0   237  0.43   5.0 
   0   250  0.39   4.8 
   0   229  0.43   5.2 
   0   222  0.45   5.4 
   0   238  0.38   5.0 
   0   251  0.39   4.8 
   0   225  0.43   5.3 
   0   226  0.43   5.3 
   0   226  0.42   5.3 
   0   234  0.42   5.1 
   0   236  0.39   5.1 
   0   242  0.40   4.9 
   0   235  0.40   5.1 
   0   214  0.45   5.6 
   0   216  0.41   5.5 
   0   207  0.41   5.8 
   0   215  0.41   5.6 
   0   232  0.38   5.1 
   0   228  0.37   5.2 
   0   199  0.42   6.0 
   0   204  0.44   5.9 
   0   205  0.44   5.8 
   0   205  0.43   5.8 
   0   216  0.38   5.5 
   0   217  0.41   5.5 
   0   193  0.44   6.2 
   0   209  0.40   5.7 
   0   209  0.43   5.7 
   0   204  0.38   5.8 
   0   200  0.41   6.0 
   0   208  0.39   5.7 
   0   211  0.38   5.7 
   0   199  0.38   6.0 
   0   197  0.43   6.1 
   0   196  0.42   6.1 
   0   201  0.42   6.0 
   0   214  0.38   5.6 
   0   209  0.40   5.7 
   0   197  0.41   6.0 
   0   200  0.41   6.0 
   0   213  0.38   5.6 
   0   201  0.40   6.0 
   0   199  0.40   6.0 
   0   201  0.38   5.9 
   0   203  0.37   5.9 
   0   210  0.38   5.7 
   0   205  0.36   5.8 
   0   199  0.39   6.0 
   0   203  0.33   5.9 
   0   201  0.37   5.9 
   0   199  0.38   6.0 
   0   193  0.35   6.2 
   0   205  0.33   5.8 
   0   191  0.35   6.3 
   0   206  0.34   5.8 
   0   203  0.34   5.9 
   0   193  0.34   6.2 
   0   197  0.32   6.0 
   0   179  0.36   6.6 
   0   209  0.31   5.7 
   0   199  0.34   6.0 
   0   215  0.31   5.6 
   0   189  0.33   6.3 
   0   197  0.32   6.0 
   0   191  0.34   6.2 
   0   208  0.31   5.7 
   0   206  0.32   5.8 
   0   181  0.34   6.6 
   0   203  0.31   5.9 
   0   210  0.30   5.7 
   0   196  0.33   6.0 
   0   208  0.31   5.7 
   0   196  0.32   6.1 
   0   202  0.29   5.9 
   0   210  0.30   5.7 
   0   240  0.27   5.0 
   0   222  0.30   5.4 
   0   235  0.28   5.1 
   0   212  0.31   5.6 
   0   228  0.31   5.2 
   0   236  0.32   5.1 
   0   265  0.37   4.5 
   0   323  0.41   3.7 
   0   313  0.55   3.8 
   0   305  0.65   3.9 
   0   299  0.68   4.0 
   0   296  0.76   4.0 
   0   295  0.78   4.0 
   0   269  0.91   4.4 
   0   265  1.00   4.5 
   0   266  0.92   4.5 
   0   280  0.89   4.3 
   0   290  0.93   4.1 
   0   280  0.85   4.3 
   0   273  0.93   4.4 
   0   273  0.96   4.4 
   0   276  0.94   4.3 
   0   266  1.05   4.5 
   0   267  0.97   4.5 
   0   256  1.06   4.7 
   0   258  0.99   4.6 
   0   247  1.14   4.8 
   0   266  1.02   4.5 
   0   247  1.15   4.9 
   0   258  1.01   4.6 
   0   250  1.05   4.8 
   0   246  1.07   4.9 
   0   247  1.06   4.8 
   0   243  1.10   4.9 
   0   237  1.09   5.0 
   0   247  1.04   4.8 
   0   245  0.98   4.9 
   0   256  0.94   4.7 
   0   222  1.11   5.4 
   0   258  0.94   4.6 
   0   244  0.92   4.9 
   0   246  0.94   4.9 
   0   228  0.97   5.2 
   0   252  0.95   4.8 
   0   253  0.93   4.7 
   0   244  0.95   4.9 
   0   261  0.87   4.6 
   0   245  0.92   4.9 
   0   256  0.87   4.7 
   0   247  0.92   4.8 
   0   249  0.87   4.8 
   0   241  0.91   4.9 
   0   242  0.85   4.9 
   0   248  0.83   4.8 
   0   247  0.83   4.8 
   0   242  0.80   4.9 
   0   248  0.78   4.8 
   0   242  0.79   4.9 
   0   238  0.83   5.0 
   0   244  0.77   4.9 
   0   241  0.78   5.0 
   0   235  0.77   5.1 
   0   250  0.70   4.8 
   0   245  0.74   4.9 
   0   231  0.75   5.1 
   0   238  0.74   5.0 
   0   237  0.73   5.1 
   0   241  0.71   5.0 
   0   239  0.66   5.0 
   0   226  0.71   5.3 
   0   226  0.71   5.3 
   0   225  0.70   5.3 
   0   229  0.68   5.2 
   0   221  0.70   5.4 
   0   220  0.73   5.4 
   0   235  0.64   5.1 
   0   232  0.68   5.1 
   0   235  0.62   5.1 
   0   245  0.66   4.9 
   0   237  0.61   5.0 
   0   249  0.61   4.8 
   0   229  0.62   5.2 
   0   233  0.65   5.1 
   0   241  0.62   4.9 
   0   230  0.65   5.2 
   0   228  0.65   5.2 
   0   231  0.62   5.2 
   0   214  0.63   5.1 
   0   211  0.64   5.6 
   0   216  0.67   5.5 
   0   216  0.62   5.5 
   0   227  0.60   5.3 
   0   222  0.60   5.4 
   0   218  0.61   5.5 
   0   213  0.62   5.6 
   0   223  0.59   5.4 
   0   216  0.60   5.5 
   0   223  0.55   5.4 
   0   220  0.56   5.4 
   0   222  0.58   5.4 
   0   214  0.55   5.6 
   0   226  0.52   5.3 
   0   209  0.55   5.7 
   0   223  0.52   5.3 
   0   205  0.54   5.8 
   0   211  0.53   5.5 
   0   204  0.54   5.9 
   0   225  0.49   5.2 
   0   218  0.50   5.4 
   0   220  0.52   5.4 
   0   204  0.52   5.8 
   0   209  0.55   5.7 
   0   220  0.54   5.4 
   0   220  0.55   5.4 
   0   235  0.51   5.1 
   0   242  0.53   4.9 
   0   231  0.54   5.1 
   0   241  0.58   5.0 
   0   243  0.55   4.9 
   0   248  0.56   4.8 
   0   240  0.60   5.0 
   0   237  0.59   5.0 
   0   222  0.58   5.4 
   0   230  0.58   5.2 
   0   226  0.61   5.3 
   0   218  0.60   5.5 
   0   231  0.56   5.2 
   0   224  0.57   5.3 
   0   222  0.62   5.4 
   0   227  0.60   5.2 
   0   236  0.59   5.1 
   0   243  0.59   4.9 
   0   234  0.63   5.1 
   0   233  0.66   5.1 
   0   232  0.67   5.2 
   0   242  0.69   4.9 
   0   249  0.67   4.8 
   0   242  0.70   4.9 
   0   259  0.64   4.6 
   0   236  0.73   5.1 
   0   243  0.73   4.9 
   0   228  0.74   5.2 
   0   237  0.76   5.0 
   0   243  0.73   4.9 
   0   246  0.74   4.8 
   0   245  0.80   4.9 
   0   253  0.81   4.7 
   0   243  0.95   4.9 
   0   253  0.95   4.7 
   0   239  0.99   5.0 
   0   245  0.95   4.9 
   0   233  1.04   5.1 
   0   236  1.07   5.1 
   0   223  1.12   5.4 
   0   236  1.05   5.1 
   0   234  1.03   5.1 
   0   228  1.07   5.3 
   0   207  1.19   5.8 
   0   215  1.09   5.6 
   0   215  1.01   5.5 
   0   199  1.16   6.0 
   0   216  0.98   5.5 
   0   219  0.97   5.5 
   0   217  0.96   5.5 
   0   227  0.88   5.3 
   0   208  0.98   5.7 
   0   212  0.89   5.6 
   0   215  0.89   5.5 
   0   223  0.88   5.4 
   0   192  1.04   6.2 
   0   197  0.99   6.0 
   0   207  0.88   5.8 
   0   212  0.82   5.6 
   0   213  0.86   5.6 
   0   199  0.92   6.0 
   0   205  0.88   5.8 
   0   202  0.83   5.9 
   0   213  0.78   5.6 
   0   204  0.81   5.8 
   0   197  0.89   6.1 
   0   197  0.83   6.1 
   0   196  0.85   6.1 
   0   195  0.95   6.1 
   0   185  0.94   6.5 
   0   195  0.87   6.1 
   0   211  0.86   5.7 
   0   217  0.90   5.5 
   0   225  0.91   5.3 
   0   219  0.95   5.4 
   0   213  0.97   5.6 
   0   207  0.95   5.8 
   0   191  1.08   6.2 
   0   201  1.00   5.9 
   0   202  0.95   5.9 
   0   201  0.95   5.9 
   0   194  0.95   6.1 
   0   197  0.95   6.1 
   0   208  0.92   5.7 
   0   200  0.85   6.0 
   0   187  0.87   6.4 
   0   182  0.82   6.6 
   0   192  0.79   6.2 
   0   192  0.77   6.2 
   0   181  0.78   6.6 
   0   187  0.72   6.4 
   0   187  0.68   6.4 
   0   174  0.75   6.9 
   0   194  0.75   6.1 
   0   193  0.76   6.2 
   0   197  0.77   6.1 
   0   198  0.76   6.0 
   0   207  0.76   5.8 
   0   213  0.72   5.6 
   0   196  0.82   6.1 
   0   197  0.85   6.0 
   0   195  0.94   6.1 
   0   211  0.90   5.7 
   0   198  1.03   6.0 
   0   211  1.00   5.6 
   0   216  0.96   5.5 
   0   229  0.90   5.2 
   0   218  0.93   5.5 
   0   223  0.92   5.4 
   0   211  0.95   5.7 
   0   211  0.96   5.7 
   0   232  0.92   5.2 
   0   225  0.92   5.3 
   0   211  1.01   5.7 
   0   217  0.97   5.5 
   0   214  1.03   5.6 
   0   220  1.04   5.4 
   0   211  1.04   5.7 
   0   206  1.06   5.8 
   0   203  1.06   5.9 
   0   216  0.97   5.5 
   0   208  0.97   5.7 
   0   216  0.97   5.5 
   0   202  1.01   5.9 
   0   211  1.02   5.6 
   0   194  1.10   6.2 
   0   205  0.97   5.8 
   0   202  1.04   5.9 
   0   200  1.08   6.0 
   0   192  1.10   6.2 
   0   207  0.94   5.8 
   0   203  1.01   5.9 
   0   193  1.00   6.2 
   0   196  1.04   6.1 
   0   181  1.05   6.6 
   0   188  0.97   6.4 
   0   184  0.99   6.5 
   0   197  0.87   6.1 
   0   188  0.94   6.3 
   0   190  0.90   6.3 
   0   190  0.87   6.3 
   0   189  0.88   6.3 
   0   175  0.94   6.8 
   0   181  0.88   6.6 
   0   179  0.83   6.6 
   0   184  0.81   6.5 
   0   172  0.95   6.9 
   0   167  0.92   7.2 
   0   182  0.82   6.6 
   0   170  0.84   7.0 
   0   172  0.79   6.9 
   0   160  0.87   7.4 
   0   163  0.86   7.3 
   0   172  0.79   6.9 
   0   168  0.84   7.1 
   0   157  0.81   7.6 
   0   156  0.82   7.6 
   0   159  0.84   7.5 
   0   165  0.75   7.2 
   0   162  0.79   7.4 
   0   159  0.82   7.5 
   0   172  0.72   6.9 
   0   178  0.74   6.7 
   0   169  0.74   7.0 
   0   179  0.66   6.6 
   0   173  0.68   6.9 
   0   186  0.63   6.4 
   0   181  0.66   6.6 
   0   164  0.70   7.3 
   0   171  0.68   7.0 
   0   163  0.67   7.3 
   0   166  0.64   7.2 
   0   162  0.62   7.4 
   0   160  0.62   7.4 
   0   155  0.64   7.7 
   0   165  0.59   7.3 
   0   159  0.66   7.5 
   0   156  0.61   7.6 
   0   157  0.60   7.6 
   0   164  0.58   7.3 
   0   176  0.47   6.7 
   0   170  0.52   7.0 
   0   153  0.51   7.8 
   0   162  0.48   7.3 
   0   147  0.54   8.1 
   0   152  0.48   7.8 
   0   148  0.49   8.1 
   0   157  0.49   7.5 
   0   167  0.45   7.2 
   0   162  0.47   7.3 
   0   183  0.44   6.5 
   0   170  0.48   7.0 
   0   168  0.45   7.1 
   0   168  0.46   7.1 
   0   165  0.47   7.2 
   0   178  0.45   6.7 
   0   172  0.46   6.9 
   0   176  0.46   6.8 
   0   155  0.49   7.7 
   0   174  0.42   6.9 
   0   152  0.52   7.8 
   0   160  0.49   7.4 
   0   157  0.48   7.5 
   0   169  0.44   7.1 
   0   145  0.52   8.2 
   0   166  0.46   7.2 
   0   155  0.48   7.7 
   0   156  0.49   7.5 
   0   154  0.48   7.8 
   0   154  0.49   7.8 
   0   134  0.56   8.9 
   0   152  0.48   7.8 
   0   157  0.46   7.6 
   0   162  0.44   7.4 
   0   158  0.42   7.5 
   0   150  0.46   8.0 
   0   165  0.40   7.2 
   0   140  0.49   8.5 
   0   157  0.43   7.6 
   0   159  0.43   7.5 
   0   151  0.45   7.9 
   0   159  0.39   7.5 
   0   145  0.46   8.2 
   0   152  0.41   7.8 
   0   157  0.39   7.6 
   0   154  0.42   7.7 
   0   138  0.49   8.6 
   0   134  0.47   8.9 
   0   159  0.43   7.5 
   0   153  0.42   7.8 
   0   151  0.42   7.9 
   0   154  0.43   7.7 
   0   151  0.44   7.9 
   0   165  0.43   7.2 
   0   157  0.43   7.6 
   0   154  0.43   7.8 
   0   165  0.45   7.2 
   0   162  0.44   7.3 
   0   163  0.44   7.3 
   0   162  0.43   7.3 
   0   151  0.49   7.9 
   0   178  0.41   6.7 
   0   163  0.44   7.3 
   0   172  0.43   6.9 
   0   158  0.47   7.5 
   0   176  0.40   6.7 
   0   182  0.38   6.5 
   0   167  0.41   7.1 
   0   165  0.42   7.2 
   0   159  0.43   7.5 
   0   160  0.41   7.4 
   0   149  0.47   8.0 
   0   169  0.38   7.0 
   0   168  0.39   7.1 
   0   173  0.39   6.9 
   0   159  0.40   7.5 
   0   146  0.44   8.2 
   0   172  0.37   6.9 
   0   161  0.39   7.4 
   0   176  0.35   6.7 
   0   160  0.39   7.4 
   0   162  0.37   7.4 
   0   171  0.35   6.9 
   0   156  0.38   7.6 
   0   150  0.43   7.9 
   0   162  0.37   7.4 
   0   154  0.39   7.7 
   0   185  0.30   6.5 
   0   182  0.30   6.5 
   0   191  0.30   6.3 
   0   178  0.31   6.7 
   0   190  0.30   6.3 
   0   197  0.29   6.1 
   0   182  0.32   6.6 
   0   186  0.30   6.4 
   0   181  0.32   6.6 
   0   167  0.34   7.1 
   0   191  0.31   6.2 
   0   169  0.33   7.1 
   0   183  0.30   6.5 
   0   169  0.35   7.1 
   0   171  0.35   6.9 
   0   162  0.36   7.4 
   0   163  0.35   7.3 
   0   180  0.33   6.6 
   0   174  0.34   6.9 
   0   174  0.33   6.8 
   0   158  0.38   7.5 
   0   155  0.36   7.7 
   0   178  0.33   6.7 
   0   171  0.36   7.0 
   0   165  0.34   7.2 
   0   170  0.35   7.0 
   0   178  0.34   6.7 
   0   167  0.36   7.1 
   0   173  0.34   6.9 
   0   180  0.32   6.6 
   0   162  0.37   7.3 
   0   179  0.34   6.7 
   0   176  0.33   6.8 
   0   155  0.38   7.7 
   0   174  0.34   6.8 
   0   166  0.36   7.2 
   0   164  0.34   7.2 
   0   166  0.35   7.2 
   0   190  0.31   6.3 
   0   163  0.36   7.3 
   0   190  0.30   6.3 
   0   186  0.33   6.4 
   0   184  0.34   6.5 
   0   182  0.34   6.5 
   0   164  0.38   7.3 
   0   168  0.35   7.1 
   0   164  0.36   7.3 
   0   172  0.35   7.0 
   0   162  0.37   7.4 
   0   169  0.35   7.0 
   0   174  0.36   6.8 
   0   178  0.36   6.7 
   0   159  0.40   7.5 
   0   155  0.41   7.7 
   0   166  0.40   7.2 
   0   161  0.43   7.4 
   0   180  0.37   6.6 
   0   173  0.42   6.9 
   0   178  0.38   6.7 
   0   189  0.41   6.3 
   0   205  0.44   5.8 
   0   206  0.47   5.8 
   0   197  0.53   6.1 
   0   212  0.51   5.6 
   0   208  0.52   5.7 
   0   205  0.56   5.8 
   0   218  0.53   5.5 
   0   224  0.51   5.3 
   0   247  0.46   4.8 
   0   214  0.55   5.6 
   0   224  0.55   5.3 
   0   220  0.52   5.4 
   0   214  0.49   5.6 
   0   215  0.48   5.6 
   0   201  0.52   6.0 
   0   203  0.52   5.9 
   0   198  0.56   6.0 
   0   195  0.52   6.1 
   0   205  0.53   5.8 
   0   210  0.48   5.6 
   0   216  0.49   5.5 
   0   189  0.56   6.3 
   0   206  0.50   5.8 
   0   194  0.54   6.1 
   0   192  0.51   6.2 
   0   188  0.51   6.3 
   0   184  0.51   6.5 
   0   201  0.49   5.9 
   0   193  0.49   6.2 
   0   180  0.48   6.6 
   0   177  0.49   6.7 
   0   164  0.54   7.2 
   0   176  0.50   6.8 
   0   174  0.53   6.8 
   0   165  0.52   7.3 
   0   164  0.52   7.2 
   0   146  0.58   8.1 
   0   149  0.55   8.0 
   0   160  0.56   7.5 
   0   152  0.61   7.9 
   0   156  0.62   7.6 
   0   164  0.62   7.2 
   0   159  0.67   7.5 
   0   168  0.67   7.1 
   0   193  0.61   6.2 
   0   195  0.60   6.1 
   0   198  0.65   6.0 
   0   199  0.61   6.0 
   0   182  0.67   6.5 
   0   187  0.65   6.4 
   0   180  0.71   6.7 
   0   200  0.72   6.0 
   0   202  0.71   5.9 
   0   244  0.72   4.9 
   0   206  0.87   5.8 
   0   224  0.90   5.3 
   0   209  0.95   5.7 
   0   218  0.93   5.5 
   0   225  0.93   5.3 
   0   201  1.05   5.9 
   0   191  1.03   6.2 
   0   225  0.97   5.3 
   0   203  1.02   5.9 
   0   208  1.00   5.7 
   0   180  1.12   6.6 
   0   199  1.10   6.0 
   0   197  1.09   6.1 
   0   228  1.01   5.2 
   0   200  1.21   5.9 
   0   205  1.17   5.8 
   0   209  1.13   5.7 
   0   194  1.16   6.2 
   0   190  1.15   6.3 
   0   190  1.13   6.3 
   0   197  1.13   6.0 
   0   182  1.22   6.5 
   0   166  1.34   7.1 
   0   196  1.09   6.1 
   0   190  1.15   6.2 
   0   178  1.09   6.7 
   0   182  1.05   6.2 
   0   181  1.08   6.6 
   0   171  1.04   7.0 
   0   177  1.04   6.7 
   0   180  1.03   6.6 
   0   185  1.01   6.4 
   0   182  0.99   6.5 
   0   175  0.97   6.8 
   0   164  1.08   7.3 
   0   178  0.97   6.7 
   0   177  0.99   6.7 
   0   181  0.93   6.6 
   0   185  0.89   6.4 
   0   185  0.94   6.5 
   0   211  0.85   5.7 
   0   176  0.99   6.7 
   0   178  0.98   6.7 
   0   173  1.00   6.9 
   0   194  0.92   6.2 
   0   193  0.91   6.1 
   0   197  0.90   6.0 
   0   207  0.84   5.8 
   0   203  0.85   5.9 
   0   198  0.84   6.0 
   0   170  1.03   7.0 
   0   197  0.90   6.1 
   0   207  0.97   5.8 
   0   220  0.86   5.4 
   0   215  0.95   5.6 
   0   212  0.94   5.6 
   0   213  0.91   5.6 
   0   192  0.94   6.2 
   0   203  0.89   5.9 
   0   208  0.91   5.7 
   0   201  0.85   6.0 
   0   197  0.85   6.0 
   0   195  0.88   6.1 
   0   191  0.87   6.2 
   0   216  0.76   5.5 
   0   204  0.85   5.8 
   0   185  0.93   6.4 
   0   201  0.88   5.9 
   0   201  0.94   6.0 
   0   216  0.91   5.5 
   0   209  0.90   5.7 
   0   214  0.91   5.6 
   0   221  0.89   5.4 
   0   214  0.90   5.6 
   0   219  0.94   5.4 
   0   215  0.88   5.6 
   0   220  0.83   5.4 
   0   226  0.84   5.3 
   0   208  0.89   5.7 
   0   221  0.86   5.4 
   0   210  0.85   5.7 
   0   217  0.87   5.5 
   0   231  0.77   5.2 
   0   198  0.80   6.0 
   0   223  0.79   5.3 
   0   230  0.78   5.2 
   0   215  0.84   5.6 
   0   223  0.81   5.4 
   0   223  0.76   5.4 
   0   211  0.85   5.7 
   0   206  0.86   5.8 
   0   207  0.93   5.8 
   0   221  0.90   5.4 
   0   217  0.88   5.5 
   0   214  0.92   5.6 
   0   196  0.99   6.1 
   0   196  1.07   6.1 
   0   202  1.08   5.9 
   0   221  0.98   5.4 
   0   209  1.06   5.7 
   0   207  1.18   5.8 
   0   203  1.07   5.9 
   0   209  1.09   5.7 
   0   212  1.15   5.6 
   0   218  1.04   5.5 
   0   223  1.08   5.4 
   0   217  1.05   5.5 
   0   223  1.01   5.4 
   0   208  1.04   5.7 
   0   211  0.99   5.6 
   0   227  0.90   5.3 
   0   221  0.94   5.4 
   0   209  0.98   5.7 
   0   220  0.94   5.4 
   0   211  0.98   5.7 
   0   220  0.95   5.4 
   0   226  0.95   5.3 
   0   204  0.98   5.8 
   0   225  0.90   5.3 
   0   207  0.96   5.8 
   0   225  0.93   5.3 
   0   207  1.06   5.8 
   0   221  1.04   5.4 
   0   224  1.08   5.3 
   0   236  0.98   5.1 
   0   218  1.06   5.5 
   0   224  1.05   5.3 
   0   235  1.03   5.1 
   0   218  1.16   5.5 
   0   236  1.07   5.1 
   0   221  1.19   5.4 
   0   226  1.17   5.3 
   0   228  1.14   5.2 
   0   230  1.18   5.2 
   0   230  1.15   5.2 
   0   229  1.13   5.2 
   0   224  1.13   5.3 
   0   220  1.18   5.4 
   0   221  1.20   5.4 
   0   238  1.12   5.0 
   0   221  1.14   5.4 
   0   216  1.24   5.5 
   0   215  1.12   5.6 
   0   210  1.13   5.7 
   0   224  1.11   5.3 
   0   205  1.14   5.8 
   0   204  1.11   5.9 
   0   207  1.10   5.8 
   0   202  1.08   5.9 
   0   200  1.14   6.0 
   0   199  1.08   6.0 
   0   208  1.07   5.7 
   0   187  1.15   6.4 
   0   204  1.01   5.9 
   0   195  1.07   6.1 
   0   189  1.07   6.3 
   0   197  0.99   6.0 
   0   190  1.05   6.3 
   0   200  0.99   6.0 
   0   182  1.06   6.6 
   0   193  0.95   6.2 
   0   199  0.94   6.0 
   0   192  0.87   6.2 
   0   180  0.95   6.7 
   0   194  0.86   6.1 
   0   192  0.89   6.2 
   0   186  0.86   6.4 
   0   211  0.77   5.7 
   0   192  0.79   6.2 
   0   192  0.82   6.2 
   0   179  0.83   6.6 
   0   186  0.74   6.4 
   0   174  0.82   6.8 
   0   191  0.75   6.2 
   0   198  0.74   6.0 
   0   191  0.76   6.2 
   0   199  0.73   6.0 
   0   190  0.66   6.3 
   0   181  0.77   6.6 
   0   179  0.73   6.6 
   0   191  0.69   6.2 
   0   189  0.65   6.3 
   0   176  0.75   6.7 
   0   186  0.68   6.4 
   0   178  0.71   6.7 
   0   174  0.68   6.9 
   0   182  0.66   6.6 
   0   171  0.68   7.0 
   0   180  0.67   6.6 
   0   171  0.67   7.0 
   0   162  0.69   7.3 
   0   172  0.67   6.9 
   0   163  0.67   7.3 
   0   162  0.71   7.3 
   0   173  0.66   6.9 
   0   157  0.70   7.6 
   0   165  0.66   7.2 
   0   159  0.71   7.5 
   0   162  0.65   7.3 
   0   161  0.66   7.4 
   0   163  0.65   7.3 
   0   165  0.66   7.2 
   0   169  0.59   7.1 
   0   147  0.76   8.1 
   0   164  0.66   7.3 
   0   169  0.62   7.1 
   0   172  0.58   6.9 
   0   163  0.60   7.3 
   0   160  0.62   7.4 
   0   174  0.55   6.8 
   0   163  0.60   7.3 
   0   177  0.50   6.7 
   0   164  0.59   7.2 
   0   180  0.55   6.7 
   0   172  0.60   6.9 
   0   193  0.53   6.2 
   0   176  0.57   6.7 
   0   180  0.54   6.6 
   0   176  0.57   6.8 
   0   177  0.53   6.7 
   0   184  0.53   6.5 
   0   180  0.55   6.6 
   0   173  0.54   6.8 
   0   185  0.49   6.4 
   0   189  0.45   6.3 
   0   182  0.51   6.6 
   0   172  0.53   6.9 
   0   162  0.58   7.3 
   0   190  0.47   6.3 
   0   169  0.53   7.1 
   0   187  0.45   6.4 
   0   175  0.50   6.8 
   0   182  0.52   6.6 
   0   162  0.58   7.4 
   0   175  0.53   6.8 
   0   176  0.51   6.8 
   0   185  0.48   6.4 
   0   189  0.50   6.3 
   0   181  0.49   6.6 
   0   173  0.51   6.9 
   0   177  0.45   6.7 
   0   169  0.52   7.1 
   0   167  0.52   7.1 
   0   171  0.46   7.0 
   0   172  0.46   6.9 
   0   187  0.41   6.4 
   0   175  0.44   6.8 
   0   161  0.47   7.4 
   0   170  0.44   7.0 
   0   174  0.46   6.9 
   0   167  0.43   7.1 
   0   152  0.45   7.9 
   0   155  0.47   7.7 
   0   186  0.39   6.4 
   0   174  0.44   6.9 
   0   189  0.40   6.3 
   0   203  0.44   5.9 
   0   195  0.40   6.1 
   0   192  0.43   6.2 
   0   205  0.41   5.8 
   0   209  0.44   5.7 
   0   225  0.44   5.3 
   0   217  0.46   5.5 
   0   240  0.45   5.0 
   0   220  0.47   5.4 
   0   240  0.42   5.0 
   0   251  0.43   4.8 
   0   230  0.49   5.2 
   0   244  0.46   4.9 
   0   220  0.49   5.4 
   0   230  0.47   5.2 
   0   217  0.49   5.5 
   0   254  0.46   4.7 
   0   218  0.51   5.5 
   0   229  0.48   5.2 
   0   213  0.50   5.6 
   0   238  0.47   5.0 
   0   228  0.47   5.2 
   0   227  0.51   5.3 
   0   214  0.54   5.6 
   0   231  0.50   5.2 
   0   225  0.58   5.3 
   0   258  0.65   4.6 
   0   263  0.72   4.5 
   0   266  0.74   4.5 
