                       
   0   144  1.49   8.3 
   0   124  1.84   9.6 
   0   123  1.87   9.6 
   0   126  1.76   9.4 
   0   116  2.05  10.3 
   0   126  1.71   9.5 
   0   122  1.70   9.7 
   0   125  1.76   9.5 
   0   122  1.84   9.7 
   0   137  1.61   8.7 
   0   130  1.80   9.2 
   0   135  1.73   8.8 
   0   132  2.04   9.1 
   0   143  1.69   8.3 
   0   148  1.56   8.0 
   0   169  1.41   7.0 
   0   145  1.67   8.2 
   0   150  1.61   7.9 
   0   166  1.37   7.2 
   0   143  1.86   8.4 
   0   166  1.64   7.2 
   0   181  1.49   6.6 
   0   158  1.71   7.5 
   0   152  1.85   7.8 
   0   169  1.71   7.1 
   0   179  1.61   6.7 
   0   173  1.79   6.9 
   0   194  1.57   6.1 
   0   182  1.74   6.6 
   0   185  1.93   6.5 
   0   132  1.80   6.0 
   0   164  1.87   6.3 
   0    99  2.11   6.3 
   0   106  2.00   6.3 
   0    73  2.22   6.8 
   0   101  2.50   6.7 
   0    93  2.56   6.8 
   0    70  2.88   7.5 
   0   108  2.91   7.1 
   0    89  2.96   7.0 
9999  9999 99.99 999.9 
9999  9999 99.99 999.9 
9999  9999 99.99 999.9 
9999  9999 99.99 999.9 
9999  9999 99.99 999.9 
   0    81  3.41   7.6 
   0    69  3.74   7.9 
   0    77  3.49   8.7 
9999  9999 99.99 999.9 
9999  9999 99.99 999.9 
9999  9999 99.99 999.9 
9999  9999 99.99 999.9 
9999  9999 99.99 999.9 
9999  9999 99.99 999.9 
9999  9999 99.99 999.9 
9999  9999 99.99 999.9 
9999  9999 99.99 999.9 
   0    93  3.93   7.8 
   0   105  3.88   8.2 
   0    91  3.94   8.8 
   0    77  4.51   8.0 
   0   124  4.00   8.4 
   0   156  3.33   7.7 
   0   131  4.13   8.9 
   0   145  3.73   8.2 
   0   124  4.21   9.6 
   0   116  4.34  10.3 
   0   123  4.01   9.7 
   0   128  3.77   9.3 
   0   128  3.68   9.3 
   0   133  3.39   8.9 
   0   127  3.54   9.3 
   0   131  3.47   9.1 
   0   117  4.04  10.2 
   0   134  3.34   8.8 
   0   133  3.27   8.9 
   0   132  3.35   9.0 
   0   118  3.84  10.0 
   0   143  2.87   8.3 
   0   133  3.04   8.9 
   0   123  3.44   9.7 
   0   123  3.19   9.6 
   0   134  3.04   8.9 
   0   125  3.01   9.5 
   0   132  2.80   9.0 
   0   132  2.93   9.0 
   0   125  2.88   9.5 
   0   119  3.28  10.0 
   0   125  2.67   9.5 
   0   126  2.75   9.4 
   0   130  2.91   9.2 
   0   136  2.33   8.8 
   0   129  2.40   9.2 
   0   125  2.62   9.4 
   0   133  2.47   8.9 
   0   122  2.79   9.8 
   0   122  2.48   9.6 
   0   124  2.49   9.7 
   0   127  2.71   9.4 
   0   130  2.35   9.1 
   0   118  2.54  10.1 
   0   126  2.44   9.4 
   0   124  2.39   9.6 
   0   122  2.46   9.8 
   0   128  2.36   9.3 
   0   121  2.43   9.9 
   0   132  2.11   9.0 
   0   121  2.29   9.8 
   0   126  2.18   9.4 
   0   116  2.29  10.3 
   0   113  2.71  10.5 
   0   125  2.27   9.5 
   0   121  2.29   9.8 
   0   121  2.12   9.8 
   0   122  2.05   9.7 
   0   125  2.08   9.5 
   0   117  2.43  10.2 
   0   125  2.14   9.5 
   0   126  1.95   9.4 
   0   124  2.12   9.6 
   0   124  2.12   9.6 
   0   122  1.99   9.7 
   0   120  2.16  10.0 
   0   120  2.05   9.9 
   0   130  1.79   9.2 
   0   130  1.96   9.1 
   0   122  2.21   9.8 
   0   137  1.79   8.6 
   0   131  1.86   9.1 
   0   133  1.90   8.9 
   0   131  1.78   9.1 
   0   129  1.87   9.2 
   0   139  1.62   8.6 
   0   130  1.78   9.2 
   0   146  1.46   8.2 
   0   132  1.63   9.0 
   0   135  1.74   8.8 
   0   134  1.62   8.9 
   0   131  1.58   9.1 
   0   131  1.53   9.0 
   0   136  1.54   8.8 
   0   135  1.51   8.7 
   0   136  1.45   8.7 
   0   129  1.62   9.2 
   0   142  1.39   8.3 
   0   137  1.46   8.7 
   0   137  1.55   8.6 
   0   142  1.36   8.4 
   0   143  1.34   8.2 
   0   150  1.28   8.0 
   0   139  1.37   8.6 
   0   147  1.31   8.1 
   0   149  1.38   8.0 
   0   153  1.24   7.8 
   0   156  1.21   7.7 
   0   156  1.24   7.6 
   0   146  1.39   8.2 
   0   161  1.17   7.4 
   0   154  1.28   7.7 
   0   150  1.24   7.9 
   0   150  1.21   8.0 
   0   145  1.29   8.3 
   0   140  1.27   8.5 
   0   148  1.17   8.1 
   0   154  1.15   7.7 
   0   144  1.19   8.3 
   0   154  1.17   7.7 
   0   161  1.14   7.4 
   0   157  1.09   7.6 
   0   154  1.20   7.7 
   0   157  1.23   7.6 
   0   167  1.03   7.1 
   0   164  1.15   7.3 
   0   170  1.00   7.0 
   0   163  1.15   7.3 
   0   162  1.14   7.3 
   0   165  1.07   7.2 
   0   175  0.96   6.8 
   0   158  1.07   7.5 
   0   180  0.93   6.6 
   0   164  1.06   7.3 
   0   165  1.02   7.2 
   0   163  0.98   7.3 
   0   175  0.90   6.8 
   0   170  0.88   6.9 
   0   164  0.99   7.3 
   0   177  0.85   6.7 
   0   165  0.90   7.2 
   0   170  0.91   7.0 
   0   165  0.96   7.2 
   0   165  0.91   7.2 
   0   156  0.97   7.6 
   0   168  0.94   7.1 
   0   155  0.96   7.7 
   0   162  0.91   7.3 
   0   152  0.98   7.9 
   0   161  0.91   7.4 
   0   170  0.86   7.0 
   0   177  0.78   6.7 
   0   174  0.78   6.9 
   0   161  0.87   7.4 
   0   167  0.84   7.1 
   0   176  0.78   6.8 
   0   160  0.76   7.4 
   0   168  0.79   7.1 
   0   176  0.76   6.8 
   0   176  0.77   6.8 
   0   167  0.80   7.1 
   0   170  0.78   7.0 
   0   171  0.80   7.0 
   0   189  0.71   6.3 
   0   188  0.71   6.3 
   0   201  0.65   5.9 
   0   181  0.73   6.6 
   0   170  0.72   7.0 
   0   178  0.69   6.7 
   0   162  0.81   7.4 
   0   175  0.72   6.8 
   0   151  0.82   7.9 
   0   154  0.81   7.7 
   0   167  0.76   7.1 
   0   169  0.78   7.1 
   0   179  0.71   6.6 
   0   171  0.73   7.0 
   0   163  0.76   7.3 
   0   169  0.72   7.1 
   0   165  0.71   7.2 
   0   170  0.72   7.0 
   0   163  0.79   7.3 
   0   162  0.73   7.4 
   0   172  0.68   6.9 
   0   152  0.82   7.9 
   0   161  0.74   7.4 
   0   160  0.76   7.5 
   0   160  0.78   7.4 
   0   152  0.82   7.8 
   0   161  0.77   7.4 
   0   175  0.70   6.8 
   0   170  0.73   7.0 
   0   157  0.80   7.6 
   0   160  0.78   7.4 
   0   173  0.71   6.9 
   0   178  0.64   6.7 
   0   183  0.64   6.5 
   0   169  0.64   7.1 
   0   167  0.66   7.1 
   0   157  0.68   7.6 
   0   169  0.64   7.1 
   0   176  0.66   6.8 
   0   160  0.71   7.4 
   0   162  0.68   7.3 
   0   177  0.62   6.7 
   0   171  0.64   6.9 
   0   161  0.65   7.4 
   0   170  0.61   7.0 
   0   164  0.64   7.3 
   0   173  0.56   6.9 
   0   177  0.59   6.8 
   0   170  0.60   7.0 
   0   165  0.64   7.2 
   0   159  0.64   7.5 
   0   168  0.69   7.1 
   0   168  0.65   7.1 
   0   178  0.59   6.7 
   0   188  0.56   6.3 
   0   186  0.59   6.4 
   0   189  0.59   6.3 
   0   181  0.62   6.6 
   0   177  0.61   6.7 
   0   162  0.73   7.3 
   0   173  0.64   6.9 
   0   166  0.60   7.1 
   0   167  0.60   7.1 
   0   156  0.66   7.6 
   0   155  0.63   7.7 
   0   150  0.62   7.9 
   0   178  0.51   6.7 
   0   155  0.58   7.7 
   0   160  0.57   7.4 
   0   134  0.62   8.9 
   0   146  0.63   8.2 
   0   137  0.64   8.7 
   0   140  0.59   8.5 
   0   137  0.59   8.7 
   0   139  0.66   8.6 
   0   132  0.67   9.1 
   0   139  0.62   8.6 
   0   134  0.65   8.9 
   0   139  0.63   8.6 
   0   141  0.61   8.4 
   0   130  0.74   9.2 
   0   131  0.74   9.0 
   0   134  0.68   8.9 
   0   122  0.89   9.8 
   0   126  0.88   9.5 
   0   141  0.74   8.5 
   0   132  0.78   9.0 
   0   136  0.75   8.7 
   0   142  0.76   8.4 
   0   134  0.81   8.8 
   0   135  0.77   8.8 
   0   135  0.78   8.8 
   0   134  0.75   8.9 
   0   144  0.64   8.3 
   0   150  0.69   7.9 
   0   145  0.70   8.2 
   0   150  0.74   8.0 
   0   143  0.72   8.3 
   0   156  0.61   7.6 
   0   160  0.59   7.5 
   0   148  0.66   8.0 
   0   160  0.61   7.5 
   0   143  0.64   8.3 
   0   156  0.58   7.7 
   0   152  0.55   7.8 
   0   144  0.59   8.2 
   0   138  0.65   8.6 
   0   160  0.51   7.5 
   0   160  0.50   7.4 
   0   159  0.51   7.5 
   0   162  0.47   7.4 
   0   136  0.62   8.7 
   0   142  0.57   8.3 
   0   130  0.62   9.1 
   0   154  0.52   7.8 
   0   132  0.63   9.0 
   0   146  0.57   8.2 
   0   153  0.54   7.8 
   0   141  0.55   8.4 
   0   154  0.51   7.7 
   0   152  0.52   7.9 
   0   156  0.53   7.6 
   0   163  0.53   7.3 
   0   183  0.44   6.5 
   0   177  0.48   6.8 
   0   194  0.44   6.2 
   0   178  0.52   6.7 
   0   190  0.50   6.3 
   0   195  0.47   6.1 
   0   197  0.45   6.1 
   0   176  0.52   6.8 
   0   195  0.41   6.1 
   0   171  0.50   7.0 
   0   180  0.48   6.6 
   0   149  0.56   8.0 
   0   160  0.48   7.4 
   0   152  0.51   7.8 
   0   149  0.50   8.0 
   0   151  0.49   7.9 
   0   151  0.52   7.9 
   0   164  0.46   7.2 
   0   157  0.49   7.6 
   0   179  0.42   6.7 
   0   158  0.52   7.6 
   0   158  0.56   7.5 
   0   152  0.56   7.8 
   0   177  0.49   6.7 
   0   166  0.52   7.2 
   0   183  0.45   6.5 
   0   169  0.53   7.0 
   0   173  0.50   6.9 
   0   164  0.52   7.3 
   0   162  0.56   7.4 
   0   172  0.55   6.9 
   0   180  0.53   6.6 
   0   173  0.52   6.9 
   0   155  0.62   7.6 
   0   152  0.60   7.8 
   0   142  0.63   8.4 
   0   164  0.54   7.2 
   0   146  0.65   8.1 
   0   167  0.48   7.1 
   0   151  0.57   7.9 
   0   158  0.56   7.5 
   0   153  0.57   7.8 
   0   146  0.57   8.1 
   0   161  0.52   7.4 
   0   160  0.51   7.5 
   0   185  0.53   6.5 
   0   181  0.49   6.6 
   0   165  0.58   7.2 
   0   161  0.55   7.4 
   0   165  0.51   7.2 
   0   162  0.50   7.4 
   0   151  0.53   7.9 
   0   157  0.51   7.6 
   0   175  0.45   6.8 
   0   160  0.45   7.4 
   0   188  0.45   6.4 
   0   239  0.52   5.0 
   0   288  0.55   4.1 
   0   281  0.58   4.3 
   0   276  0.68   4.3 
   0   280  0.72   4.2 
   0   281  0.83   4.3 
   0   292  0.80   4.1 
   0   273  0.91   4.4 
   0   279  0.95   4.3 
   0   277  0.93   4.3 
   0   270  1.02   4.4 
   0   251  1.12   4.7 
   0   250  1.08   4.8 
   0   258  1.06   4.6 
   0   263  1.03   4.5 
   0   264  1.05   4.5 
   0   266  1.01   4.5 
   0   258  1.06   4.6 
   0   255  1.02   4.7 
   0   250  1.08   4.8 
   0   253  1.08   4.7 
   0   250  1.00   4.8 
   0   234  1.10   5.1 
   0   239  1.03   5.0 
   0   232  1.12   5.2 
   0   248  1.04   4.8 
   0   223  1.16   5.3 
   0   224  1.13   5.3 
   0   227  1.13   5.3 
   0   230  1.05   5.2 
   0   228  1.07   5.2 
   0   232  1.07   5.2 
   0   218  1.14   5.5 
   0   224  1.04   5.3 
   0   211  1.18   5.7 
   0   218  1.08   5.5 
   0   216  1.04   5.5 
   0   212  1.08   5.6 
   0   194  1.21   6.2 
   0   198  1.15   6.0 
   0   204  1.16   5.8 
   0   206  1.14   5.8 
   0   207  1.07   5.8 
   0   217  1.02   5.5 
   0   205  1.00   5.8 
   0   207  1.05   5.8 
   0   208  1.04   5.7 
   0   207  1.05   5.8 
   0   206  0.97   5.8 
   0   200  1.02   6.0 
   0   207  1.00   5.8 
   0   194  1.06   6.1 
   0   203  0.94   5.9 
   0   190  1.01   6.3 
   0   203  0.89   5.9 
   0   193  0.96   6.1 
   0   199  0.93   6.0 
   0   199  0.94   6.0 
   0   197  0.87   6.1 
   0   203  0.83   5.9 
   0   191  0.94   6.2 
   0   197  0.88   6.0 
   0   187  0.93   6.4 
   0   196  0.86   6.1 
   0   191  0.86   6.2 
   0   201  0.79   6.0 
   0   195  0.82   6.1 
   0   191  0.89   6.3 
   0   192  0.87   6.2 
   0   194  0.85   6.2 
   0   198  0.83   6.0 
   0   180  0.95   6.6 
   0   178  0.96   6.7 
   0   179  0.92   6.7 
   0   178  0.91   6.7 
   0   190  0.90   6.2 
   0   177  0.89   6.8 
   0   176  0.91   6.8 
   0   187  0.88   6.4 
   0   191  0.83   6.3 
   0   185  0.89   6.4 
   0   193  0.84   6.2 
   0   195  0.80   6.1 
   0   185  0.89   6.4 
   0   183  0.87   6.5 
   0   184  0.81   6.5 
   0   198  0.77   6.0 
   0   187  0.84   6.3 
   0   182  0.82   6.5 
   0   189  0.83   6.3 
   0   185  0.86   6.4 
   0   177  0.85   6.7 
   0   172  0.87   6.9 
   0   176  0.79   6.8 
   0   184  0.76   6.5 
   0   175  0.89   6.8 
   0   190  0.80   6.3 
   0   204  0.76   5.9 
   0   201  0.77   5.9 
   0   185  0.88   6.4 
   0   186  0.88   6.4 
   0   188  0.89   6.3 
   0   181  0.92   6.6 
   0   183  0.90   6.5 
   0   172  0.93   6.9 
   0   166  0.90   7.2 
   0   176  0.89   6.8 
   0   171  0.89   7.0 
   0   165  0.96   7.3 
   0   172  0.91   6.9 
   0   173  0.89   6.9 
   0   179  0.90   6.6 
   0   191  0.87   6.3 
   0   182  0.96   6.5 
   0   172  1.00   6.9 
   0   185  0.90   6.4 
   0   180  0.92   6.6 
   0   186  0.92   6.4 
   0   177  0.90   6.7 
   0   175  0.90   6.8 
   0   178  0.83   6.7 
   0   175  0.86   6.8 
   0   190  0.76   6.3 
   0   188  0.76   6.4 
   0   186  0.72   6.4 
   0   185  0.78   6.5 
   0   168  0.85   7.1 
   0   174  0.74   6.8 
   0   186  0.68   6.4 
   0   180  0.71   6.6 
   0   185  0.69   6.4 
   0   187  0.71   6.4 
   0   183  0.68   6.5 
   0   175  0.74   6.8 
   0   184  0.67   6.5 
   0   184  0.67   6.5 
   0   176  0.68   6.8 
   0   177  0.68   6.7 
   0   195  0.63   6.1 
   0   195  0.63   6.1 
   0   185  0.64   6.5 
   0   180  0.68   6.6 
   0   180  0.64   6.6 
   0   186  0.63   6.4 
   0   187  0.66   6.4 
   0   177  0.67   6.5 
   0   174  0.67   6.9 
   0   190  0.60   6.3 
   0   181  0.66   6.6 
   0   184  0.58   6.5 
   0   186  0.59   6.4 
   0   181  0.63   6.6 
   0   186  0.62   6.4 
   0   189  0.59   6.3 
   0   187  0.59   6.4 
   0   194  0.58   6.1 
   0   184  0.57   6.5 
   0   199  0.54   6.0 
   0   196  0.54   6.1 
   0   186  0.57   6.4 
   0   184  0.57   6.5 
   0   195  0.55   6.1 
   0   175  0.62   6.8 
   0   195  0.56   6.1 
   0   221  0.50   5.4 
   0   185  0.60   6.4 
   0   188  0.57   6.4 
   0   195  0.56   6.1 
   0   203  0.54   5.9 
   0   184  0.59   6.5 
   0   192  0.57   6.2 
   0   189  0.58   6.3 
   0   193  0.58   6.2 
   0   182  0.61   6.5 
   0   193  0.56   6.2 
   0   193  0.56   6.2 
   0   172  0.59   6.9 
   0   191  0.52   6.3 
   0   185  0.50   6.4 
   0   187  0.53   6.4 
   0   171  0.57   7.0 
   0   187  0.52   6.4 
   0   177  0.57   6.8 
   0   182  0.55   6.5 
   0   188  0.53   6.3 
   0   175  0.55   6.8 
   0   191  0.48   6.2 
   0   195  0.53   6.1 
   0   198  0.49   6.0 
   0   201  0.49   6.0 
   0   197  0.56   6.0 
   0   207  0.47   5.8 
   0   208  0.46   5.7 
   0   194  0.52   6.1 
   0   212  0.48   5.6 
   0   217  0.47   5.5 
   0   196  0.49   6.1 
   0   174  0.54   6.9 
   0   194  0.51   6.1 
   0   189  0.49   6.3 
   0   185  0.49   6.4 
   0   190  0.49   6.2 
   0   177  0.51   6.7 
   0   204  0.46   5.9 
   0   231  0.47   5.2 
   0   241  0.47   4.9 
   0   251  0.50   4.8 
   0   254  0.53   4.7 
   0   260  0.56   4.6 
   0   277  0.60   4.3 
   0   287  0.66   4.2 
   0   279  0.69   4.3 
   0   280  0.74   4.3 
   0   273  0.76   4.4 
   0   271  0.73   4.4 
   0   266  0.75   4.5 
   0   280  0.79   4.3 
   0   270  0.88   4.4 
   0   286  0.83   4.2 
   0   282  0.87   4.2 
   0   267  0.89   4.5 
   0   272  0.84   4.4 
   0   262  0.91   4.6 
   0   267  0.84   4.5 
   0   272  0.84   4.4 
   0   267  0.87   4.5 
   0   287  0.81   4.2 
   0   264  0.90   4.5 
   0   262  0.92   4.6 
   0   270  0.85   4.4 
   0   266  0.89   4.5 
   0   276  0.83   4.3 
   0   278  0.86   4.3 
   0   267  0.92   4.5 
   0   262  0.95   4.6 
   0   261  0.96   4.6 
   0   252  1.06   4.7 
   0   260  1.02   4.6 
   0   257  1.04   4.6 
   0   248  1.16   4.8 
   0   256  1.03   4.7 
   0   243  1.16   4.9 
   0   236  1.21   5.0 
   0   237  1.21   5.0 
   0   245  1.14   4.9 
   0   231  1.26   5.1 
   0   223  1.27   5.4 
   0   227  1.24   5.3 
   0   233  1.25   5.1 
   0   245  1.15   4.9 
   0   248  1.06   4.8 
   0   241  1.08   5.0 
   0   249  1.14   4.8 
   0   251  1.05   4.8 
   0   234  1.13   5.1 
   0   251  1.01   4.8 
   0   253  1.04   4.7 
   0   249  0.98   4.8 
   0   245  1.03   4.9 
   0   249  1.06   4.8 
   0   243  1.01   4.9 
   0   247  1.01   4.8 
   0   243  1.06   4.9 
   0   237  1.05   5.0 
   0   235  1.07   5.1 
   0   237  1.03   5.0 
   0   246  1.05   4.9 
   0   240  1.02   5.0 
   0   257  0.93   4.7 
   0   251  0.97   4.8 
   0   238  0.99   5.0 
   0   243  0.93   4.9 
   0   254  0.90   4.7 
   0   242  0.89   5.0 
   0   232  0.91   5.1 
   0   231  0.91   5.2 
   0   238  0.83   5.0 
   0   234  0.83   5.1 
   0   239  0.77   5.0 
   0   231  0.76   5.2 
   0   228  0.78   5.2 
   0   228  0.74   5.2 
   0   219  0.78   5.5 
   0   225  0.75   5.3 
   0   231  0.68   5.2 
   0   224  0.70   5.3 
   0   229  0.70   5.2 
   0   219  0.74   5.5 
   0   225  0.68   5.3 
   0   219  0.76   5.4 
   0   212  0.76   5.6 
   0   219  0.69   5.4 
   0   227  0.67   5.2 
   0   208  0.79   5.8 
   0   220  0.66   5.4 
   0   211  0.69   5.7 
   0   211  0.69   5.6 
   0   217  0.68   5.5 
   0   221  0.68   5.4 
   0   227  0.65   5.2 
   0   223  0.66   5.3 
   0   211  0.71   5.7 
   0   208  0.73   5.7 
   0   215  0.67   5.5 
   0   230  0.61   5.2 
   0   221  0.64   5.4 
   0   212  0.65   5.6 
   0   205  0.71   5.8 
   0   210  0.67   5.7 
   0   216  0.68   5.5 
   0   220  0.63   5.4 
   0   215  0.71   5.5 
   0   212  0.64   5.6 
   0   216  0.67   5.5 
   0   211  0.66   5.6 
   0   218  0.62   5.4 
   0   215  0.61   5.5 
   0   211  0.66   5.7 
   0   205  0.65   5.8 
   0   199  0.66   6.0 
   0   205  0.59   5.8 
   0   201  0.58   6.0 
   0   212  0.60   5.6 
   0   208  0.56   5.7 
   0   193  0.63   6.2 
   0   203  0.58   5.9 
   0   199  0.61   6.0 
   0   203  0.59   5.9 
   0   194  0.65   6.2 
   0   208  0.58   5.7 
   0   198  0.57   6.0 
   0   202  0.60   5.9 
   0   193  0.63   6.2 
   0   208  0.62   5.8 
   0   194  0.62   6.1 
   0   197  0.63   6.0 
   0   210  0.54   5.7 
   0   196  0.63   6.1 
   0   195  0.60   6.1 
   0   209  0.55   5.7 
   0   196  0.58   6.1 
   0   202  0.61   5.9 
   0   185  0.64   6.4 
   0   187  0.60   6.4 
   0   186  0.64   6.4 
   0   197  0.61   6.0 
   0   190  0.59   6.3 
   0   194  0.57   6.2 
   0   202  0.59   5.9 
   0   199  0.59   6.0 
   0   194  0.59   6.2 
   0   191  0.58   6.2 
   0   178  0.64   6.7 
   0   195  0.58   6.1 
   0   200  0.55   6.0 
   0   195  0.54   6.1 
   0   192  0.58   6.2 
   0   198  0.57   6.0 
   0   206  0.52   5.8 
   0   203  0.53   5.9 
   0   211  0.55   5.7 
   0   208  0.56   5.7 
   0   221  0.52   5.4 
   0   202  0.59   5.9 
   0   216  0.57   5.5 
   0   200  0.58   6.0 
   0   205  0.58   5.8 
   0   208  0.61   5.8 
   0   222  0.57   5.4 
   0   212  0.65   5.6 
   0   222  0.62   5.4 
   0   221  0.59   5.4 
   0   221  0.61   5.4 
   0   222  0.66   5.4 
   0   200  0.72   5.9 
   0   214  0.65   5.6 
   0   215  0.65   5.6 
   0   205  0.71   5.8 
   0   215  0.65   5.6 
   0   202  0.69   5.9 
   0   204  0.65   5.8 
   0   208  0.62   5.7 
   0   201  0.67   6.0 
   0   201  0.60   5.9 
   0   200  0.59   6.0 
   0   187  0.64   6.4 
   0   195  0.58   6.1 
   0   179  0.60   6.7 
   0   188  0.61   6.4 
   0   180  0.60   6.6 
   0   171  0.66   7.0 
   0   182  0.60   6.6 
   0   186  0.55   6.4 
   0   176  0.62   6.8 
   0   175  0.62   6.8 
   0   175  0.59   6.8 
   0   187  0.56   6.4 
   0   180  0.65   6.6 
   0   186  0.55   6.4 
   0   183  0.61   6.5 
   0   199  0.58   6.0 
   0   179  0.66   6.7 
   0   181  0.70   6.6 
   0   184  0.65   6.5 
   0   178  0.70   6.7 
   0   184  0.71   6.4 
   0   216  0.66   5.5 
   0   243  0.77   4.9 
   0   258  0.74   4.6 
   0   257  0.77   4.6 
   0   262  0.85   4.6 
   0   250  0.90   4.8 
   0   263  0.90   4.5 
   0   270  0.91   4.4 
   0   250  1.07   4.8 
   0   253  1.07   4.7 
   0   248  1.11   4.8 
   0   247  1.07   4.8 
   0   249  1.12   4.8 
   0   243  1.15   4.9 
   0   250  1.10   4.8 
   0   239  1.21   5.0 
   0   251  1.11   4.7 
   0   244  1.22   4.9 
   0   251  1.22   4.8 
   0   259  1.15   4.6 
   0   248  1.20   4.8 
   0   254  1.21   4.7 
   0   245  1.17   4.9 
   0   243  1.26   4.9 
   0   237  1.30   5.0 
   0   242  1.16   4.9 
   0   233  1.28   5.1 
   0   245  1.17   4.9 
   0   255  1.14   4.7 
   0   239  1.17   5.0 
   0   248  1.16   4.8 
   0   243  1.18   4.9 
   0   245  1.13   4.9 
   0   244  1.15   4.9 
   0   239  1.15   5.0 
   0   247  1.12   4.8 
   0   245  1.12   4.9 
   0   240  1.17   5.0 
   0   240  1.25   5.0 
   0   233  1.31   5.1 
   0   230  1.24   5.2 
   0   240  1.26   5.0 
   0   240  1.27   5.0 
   0   222  1.35   5.4 
   0   240  1.27   5.0 
   0   230  1.25   5.2 
   0   231  1.29   5.2 
   0   232  1.24   5.1 
   0   231  1.30   5.2 
   0   230  1.30   5.2 
   0   235  1.15   5.1 
   0   234  1.25   5.1 
   0   223  1.27   5.3 
   0   232  1.22   5.2 
   0   232  1.20   5.1 
   0   233  1.24   5.1 
   0   230  1.25   5.2 
   0   228  1.29   5.3 
   0   231  1.27   5.2 
   0   220  1.37   5.4 
   0   234  1.32   5.1 
   0   185  1.23   5.2 
   0   227  1.28   5.3 
   0   217  1.40   5.5 
   0   218  1.34   5.5 
   0   214  1.47   5.6 
   0   222  1.36   5.4 
   0   205  1.55   5.8 
   0   212  1.39   5.6 
   0   214  1.37   5.6 
   0   212  1.49   5.6 
   0   215  1.45   5.6 
   0   205  1.45   5.8 
   0   222  1.31   5.4 
   0   210  1.41   5.7 
   0   224  1.34   5.3 
   0   208  1.53   5.7 
   0   200  1.41   6.0 
   0   203  1.49   5.9 
   0   201  1.57   5.9 
   0   201  1.54   5.9 
   0   214  1.54   5.6 
   0   208  1.50   5.7 
   0   210  1.55   5.7 
   0   216  1.50   5.5 
   0   210  1.57   5.7 
   0   224  1.48   5.3 
   0   208  1.68   5.7 
   0   225  1.53   5.3 
   0   218  1.54   5.5 
   0   218  1.51   5.5 
   0   227  1.53   5.3 
   0   221  1.43   5.4 
   0   210  1.48   5.7 
   0   219  1.54   5.4 
   0   213  1.64   5.6 
   0   211  1.60   5.7 
   0   229  1.44   5.2 
   0   228  1.42   5.2 
   0   222  1.40   5.4 
   0   208  1.57   5.7 
   0   213  1.52   5.6 
   0   216  1.44   5.5 
   0   209  1.50   5.7 
   0   209  1.43   5.7 
   0   207  1.48   5.8 
   0   206  1.43   5.8 
   0   209  1.43   5.7 
   0   209  1.34   5.7 
   0   208  1.38   5.7 
   0   209  1.30   5.7 
   0   211  1.26   5.7 
   0   203  1.43   5.9 
   0   224  1.22   5.3 
   0   202  1.45   5.9 
   0   206  1.45   5.8 
   0   200  1.51   6.0 
   0   218  1.44   5.5 
   0   205  1.58   5.8 
   0   216  1.48   5.5 
   0   221  1.45   5.4 
   0   207  1.43   5.8 
   0   203  1.55   5.9 
   0   207  1.57   5.8 
   0   203  1.60   5.9 
   0   198  1.59   6.0 
   0   211  1.42   5.6 
   0   204  1.58   5.8 
   0   211  1.54   5.6 
   0   204  1.56   5.9 
   0   199  1.56   6.0 
   0   201  1.57   5.9 
   0   199  1.61   6.0 
   0   197  1.60   6.1 
   0   186  1.70   6.4 
   0   206  1.56   5.8 
   0   195  1.63   6.1 
   0   201  1.59   5.9 
   0   199  1.54   6.0 
   0   207  1.53   5.8 
   0   200  1.57   6.0 
   0   191  1.49   6.2 
   0   193  1.63   6.2 
   0   201  1.41   5.9 
   0   210  1.43   5.7 
   0   207  1.31   5.8 
   0   190  1.55   6.3 
9999  9999 99.99 999.9 
   0   192  1.52   6.2 
   0   183  1.60   6.5 
   0   187  1.45   6.4 
   0   197  1.45   6.1 
   0   208  1.35   5.8 
   0   202  1.45   5.9 
   0   208  1.41   5.7 
   0   204  1.54   5.9 
   0   192  1.53   6.2 
   0   190  1.51   6.3 
   0   200  1.43   6.0 
   0   203  1.46   5.9 
   0   198  1.50   6.0 
   0   196  1.47   6.1 
   0   199  1.38   6.0 
   0   190  1.36   6.2 
   0   193  1.40   6.2 
   0   189  1.35   6.3 
   0   189  1.38   6.3 
   0   178  1.58   6.7 
   0   187  1.41   6.4 
   0   175  1.50   6.8 
   0   201  1.35   5.9 
   0   180  1.47   6.6 
   0   194  1.33   6.2 
   0   178  1.40   6.7 
   0   185  1.37   6.4 
   0   180  1.40   6.6 
   0   186  1.26   6.4 
   0   184  1.18   6.5 
   0   180  1.21   6.6 
   0   171  1.24   7.0 
   0   175  1.27   6.8 
   0   166  1.31   7.2 
   0   176  1.28   6.8 
   0   169  1.25   7.1 
   0   174  1.22   6.8 
   0   168  1.20   7.1 
   0   159  1.34   7.5 
   0   162  1.23   7.3 
   0   162  1.11   7.3 
   0   171  1.16   7.0 
   0   175  1.15   6.8 
   0   168  1.07   7.1 
   0   187  0.92   6.4 
   0   174  1.06   6.8 
   0   165  1.11   7.2 
   0   173  1.08   6.9 
   0   181  0.98   6.6 
   0   164  1.09   7.2 
   0   167  1.09   7.2 
   0   165  1.14   7.2 
   0   169  1.03   7.1 
   0   168  1.09   7.1 
   0   168  1.05   7.1 
   0   161  1.13   7.4 
   0   174  1.06   6.8 
   0   172  0.96   6.9 
   0   174  1.01   6.9 
   0   175  0.93   6.8 
   0   167  0.97   7.1 
   0   168  0.99   7.1 
   0   156  1.15   7.7 
   0   160  1.09   7.4 
   0   147  1.13   8.1 
   0   159  1.13   7.5 
   0   159  1.04   7.5 
   0   161  1.07   7.4 
   0   167  0.98   7.1 
   0   173  0.94   6.9 
   0   164  1.06   7.2 
   0   166  1.00   7.2 
   0   168  0.97   7.1 
   0   161  1.07   7.4 
   0   158  1.06   7.5 
   0   146  1.16   8.2 
   0   149  1.15   8.0 
   0   159  1.04   7.5 
   0   154  1.02   7.8 
   0   165  1.03   7.3 
   0   165  0.92   7.2 
   0   163  0.96   7.3 
   0   155  1.13   7.7 
   0   162  0.96   7.3 
   0   161  0.94   7.4 
   0   168  0.96   7.1 
   0   166  0.98   7.2 
   0   158  1.04   7.5 
   0   158  1.07   7.5 
   0   184  0.83   6.5 
   0   155  1.05   7.7 
   0   167  0.93   7.2 
   0   171  0.87   7.0 
   0   161  0.92   7.4 
   0   164  0.88   7.3 
   0   167  0.86   7.1 
   0   171  0.87   7.0 
   0   147  1.04   8.1 
   0   154  0.93   7.8 
   0   153  0.95   7.7 
   0   156  0.90   7.7 
   0   160  0.81   7.5 
   0   152  0.95   7.8 
   0   163  0.87   7.4 
   0   158  0.84   7.6 
   0   159  0.80   7.4 
   0   155  0.91   7.7 
   0   163  0.82   7.3 
   0   154  0.91   7.7 
   0   162  0.87   7.4 
   0   164  0.83   7.2 
   0   156  0.92   7.7 
   0   174  0.82   6.8 
   0   163  0.85   7.3 
   0   159  0.86   7.5 
   0   154  0.87   7.7 
   0   145  0.99   8.2 
   0   140  0.91   8.5 
   0   169  0.72   7.1 
   0   155  0.84   7.7 
   0   150  0.83   7.9 
   0   150  0.83   7.9 
   0   146  0.85   8.2 
   0   153  0.84   7.8 
   0   145  0.79   8.2 
   0   145  0.85   8.2 
   0   153  0.83   7.8 
   0   144  0.92   8.3 
   0   148  0.84   8.0 
   0   150  0.84   8.0 
   0   150  0.85   7.9 
   0   147  0.82   8.0 
   0   154  0.77   7.7 
   0   139  0.83   8.5 
   0   151  0.87   7.8 
   0   156  0.81   7.6 
   0   148  0.84   8.1 
   0   153  0.79   7.8 
   0   150  0.79   7.9 
   0   154  0.78   7.7 
   0   154  0.80   7.8 
   0   156  0.74   7.6 
   0   152  0.83   7.8 
   0   150  0.82   8.0 
   0   151  0.79   7.8 
   0   158  0.79   7.6 
   0   168  0.73   7.1 
   0   138  0.89   8.6 
   0   149  0.82   7.9 
   0   160  0.82   7.4 
   0   157  0.84   7.6 
   0   152  0.79   7.9 
   0   155  0.82   7.7 
   0   158  0.82   7.5 
   0   176  0.74   6.8 
   0   205  0.70   5.8 
   0   192  0.80   6.2 
   0   206  0.77   5.8 
   0   204  0.76   5.9 
   0   195  0.80   6.1 
   0   206  0.77   5.8 
   0   211  0.81   5.6 
   0   179  0.92   6.7 
   0   205  0.82   5.8 
   0   212  0.81   5.6 
   0   219  0.75   5.5 
   0   205  0.84   5.8 
   0   195  0.84   6.1 
   0   211  0.74   5.6 
   0   190  0.78   6.3 
   0   206  0.72   5.8 
   0   191  0.78   6.2 
   0   179  0.84   6.7 
   0   193  0.74   6.2 
   0   203  0.70   5.9 
   0   199  0.73   6.0 
   0   190  0.71   6.3 
   0   204  0.68   5.8 
   0   193  0.71   6.2 
   0   184  0.76   6.5 
   0   194  0.67   6.1 
   0   181  0.77   6.6 
   0   182  0.78   6.6 
   0   194  0.72   6.2 
   0   198  0.69   6.0 
   0   194  0.75   6.2 
   0   193  0.72   6.2 
   0   171  0.84   6.9 
   0   190  0.74   6.3 
   0   183  0.81   6.5 
   0   168  0.85   7.1 
   0   176  0.81   6.7 
   0   185  0.75   6.4 
   0   196  0.69   6.1 
   0   189  0.70   6.3 
   0   193  0.71   6.2 
   0   178  0.76   6.6 
   0   190  0.70   6.3 
   0   199  0.68   6.0 
   0   222  0.67   5.4 
   0   209  0.75   5.7 
   0   220  0.72   5.4 
   0   205  0.77   5.8 
   0   236  0.72   5.1 
   0   214  0.81   5.6 
   0   209  0.81   5.7 
   0   238  0.71   5.0 
   0   198  0.83   6.0 
   0   194  0.77   6.1 
   0   194  0.76   6.2 
   0   199  0.74   6.0 
   0   199  0.71   6.0 
   0   181  0.81   6.5 
   0   186  0.76   6.4 
   0   184  0.77   6.5 
   0   202  0.66   5.9 
   0   174  0.78   6.9 
   0   201  0.67   5.9 
   0   186  0.76   6.4 
   0   182  0.70   6.6 
   0   172  0.77   6.9 
   0   186  0.71   6.4 
   0   170  0.75   7.0 
   0   167  0.76   7.1 
   0   185  0.69   6.5 
   0   178  0.71   6.7 
   0   180  0.70   6.6 
   0   174  0.72   6.9 
   0   178  0.64   6.7 
   0   171  0.71   7.0 
   0   193  0.63   6.2 
   0   231  0.70   5.2 
   0   256  0.77   4.6 
   0   258  0.83   4.6 
   0   265  0.88   4.5 
   0   265  1.05   4.5 
   0   252  1.16   4.7 
   0   263  1.15   4.5 
   0   252  1.18   4.7 
   0   242  1.31   4.9 
   0   236  1.41   5.1 
   0   246  1.35   4.9 
   0   240  1.38   5.0 
   0   228  1.47   5.3 
   0   223  1.56   5.4 
   0   216  1.61   5.5 
   0   221  1.54   5.4 
   0   221  1.63   5.4 
   0   213  1.76   5.6 
   0   211  1.74   5.6 
   0   205  1.97   5.8 
   0   201  1.80   5.9 
   0   197  2.03   6.0 
   0   193  1.99   6.2 
   0   199  1.83   6.0 
   0   193  1.86   6.2 
   0   197  1.86   6.1 
   0   198  1.79   6.0 
   0   196  1.73   6.1 
   0   192  1.73   6.2 
   0   205  1.62   5.8 
   0   223  1.45   5.4 
   0   216  1.52   5.6 
   0   226  1.40   5.3 
   0   213  1.39   5.6 
   0   223  1.39   5.4 
   0   224  1.29   5.3 
   0   234  1.23   5.1 
   0   237  1.25   5.0 
   0   234  1.25   5.1 
   0   231  1.31   5.2 
   0   230  1.22   5.2 
   0   235  1.30   5.1 
   0   241  1.26   4.9 
   0   228  1.26   5.3 
   0   239  1.16   5.0 
   0   217  1.35   5.5 
   0   223  1.36   5.3 
   0   215  1.47   5.6 
   0   216  1.44   5.5 
   0   204  1.60   5.9 
   0   212  1.43   5.6 
   0   206  1.52   5.8 
   0   223  1.39   5.4 
   0   208  1.52   5.7 
   0   203  1.51   5.8 
   0   219  1.41   5.5 
   0   213  1.52   5.6 
   0   216  1.43   5.5 
   0   217  1.50   5.5 
   0   209  1.48   5.7 
   0   216  1.44   5.5 
   0   215  1.55   5.6 
   0   217  1.39   5.5 
   0   225  1.31   5.3 
   0   213  1.40   5.6 
   0   228  1.33   5.2 
   0   226  1.31   5.3 
   0   225  1.39   5.3 
   0   223  1.35   5.4 
   0   225  1.36   5.3 
   0   222  1.34   5.3 
   0   232  1.34   5.1 
   0   231  1.31   5.2 
   0   235  1.26   5.1 
   0   230  1.28   5.2 
   0   228  1.26   5.2 
   0   241  1.17   5.0 
   0   236  1.16   5.1 
   0   238  1.15   5.0 
   0   243  1.12   4.9 
   0   232  1.10   5.1 
   0   236  1.09   5.1 
   0   241  1.07   5.0 
   0   232  1.08   5.1 
   0   230  1.11   5.2 
   0   223  1.12   5.4 
   0   237  1.11   5.0 
   0   226  1.07   5.3 
   0   229  1.10   5.2 
   0   214  1.11   5.6 
   0   223  1.06   5.4 
   0   229  1.05   5.2 
   0   218  1.07   5.5 
   0   211  1.00   5.7 
   0   224  0.94   5.3 
   0   209  0.98   5.7 
   0   220  1.00   5.4 
   0   229  0.95   5.2 
   0   204  1.03   5.8 
   0   219  0.99   5.4 
   0   230  0.96   5.2 
   0   217  1.02   5.5 
   0   232  0.96   5.2 
   0   213  1.10   5.6 
   0   220  1.04   5.4 
   0   222  1.00   5.4 
   0   209  1.12   5.7 
   0   224  1.00   5.3 
   0   230  1.08   5.2 
   0   219  1.02   5.4 
   0   203  1.09   5.8 
   0   221  1.00   5.4 
   0   216  1.04   5.5 
   0   220  0.96   5.4 
   0   209  1.06   5.7 
   0   220  1.01   5.4 
   0   217  1.00   5.5 
   0   214  0.99   5.6 
   0   209  1.00   5.7 
   0   208  1.00   5.7 
   0   230  0.92   5.2 
   0   221  0.94   5.4 
   0   203  0.97   5.9 
   0   202  1.06   5.9 
   0   217  0.95   5.5 
   0   215  0.93   5.6 
   0   215  0.94   5.6 
   0   219  0.89   5.4 
   0   213  0.90   5.6 
   0   212  0.97   5.6 
   0   226  0.88   5.3 
   0   214  0.94   5.6 
   0   223  0.92   5.4 
   0   217  0.92   5.5 
   0   214  0.95   5.6 
   0   204  1.01   5.8 
   0   237  0.94   5.0 
   0   217  0.99   5.5 
   0   231  0.92   5.2 
   0   230  0.97   5.2 
   0   225  0.97   5.3 
   0   215  1.01   5.6 
   0   222  1.03   5.3 
   0   222  1.02   5.4 
   0   228  0.96   5.2 
   0   233  0.96   5.1 
   0   231  0.96   5.2 
   0   217  1.08   5.5 
   0   215  1.03   5.6 
   0   219  1.01   5.4 
   0   217  1.04   5.5 
   0   220  1.04   5.4 
   0   221  1.07   5.4 
   0   229  0.96   5.2 
   0   218  1.05   5.5 
   0   213  1.05   5.6 
   0   228  1.02   5.2 
   0   230  1.04   5.2 
   0   235  0.96   5.1 
   0   211  1.04   5.6 
   0   219  0.98   5.5 
   0   218  0.98   5.5 
   0   215  1.05   5.6 
   0   226  0.96   5.3 
   0   222  1.05   5.4 
   0   212  1.10   5.6 
   0   230  1.05   5.2 
   0   228  1.08   5.3 
   0   232  1.01   5.1 
   0   220  1.10   5.4 
   0   224  1.02   5.3 
   0   204  1.20   5.9 
   0   228  1.06   5.3 
   0   219  1.13   5.4 
   0   214  1.14   5.6 
   0   214  1.14   5.6 
   0   201  1.21   5.9 
   0   205  1.18   5.8 
   0   213  1.13   5.6 
   0   212  1.07   5.6 
   0   219  1.04   5.4 
   0   204  1.12   5.9 
   0   193  1.23   6.1 
   0   221  0.97   5.4 
   0   191  1.10   6.2 
   0   193  1.10   6.2 
   0   208  1.03   5.7 
   0   209  0.95   5.7 
   0   200  1.04   6.0 
   0   188  1.08   6.3 
   0   199  0.98   6.0 
   0   194  0.98   6.1 
   0   192  0.97   6.2 
   0   208  0.86   5.7 
   0   182  1.04   6.6 
   0   189  0.97   6.3 
   0   202  0.92   5.9 
   0   192  0.89   6.2 
   0   185  0.93   6.4 
   0   183  0.91   6.5 
   0   175  0.86   6.8 
   0   180  0.87   6.6 
   0   186  0.86   6.4 
   0   186  0.80   6.4 
   0   176  0.89   6.8 
   0   172  0.88   7.0 
   0   170  0.92   7.0 
   0   168  0.87   7.1 
   0   161  0.85   7.4 
   0   159  0.95   7.5 
   0   161  0.91   7.4 
   0   165  0.91   7.2 
   0   163  0.94   7.3 
   0   164  0.91   7.3 
   0   156  0.95   7.6 
   0   159  0.89   7.5 
   0   154  0.94   7.7 
   0   157  0.90   7.6 
   0   157  0.96   7.6 
   0   160  0.94   7.4 
   0   171  0.89   7.0 
   0   183  0.80   6.5 
   0   184  0.78   6.5 
   0   175  0.82   6.8 
   0   182  0.75   6.5 
   0   193  0.71   6.2 
   0   204  0.72   5.8 
   0   178  0.85   6.7 
   0   200  0.80   5.9 
   0   214  0.76   5.6 
   0   219  0.73   5.4 
   0   194  0.80   6.1 
   0   205  0.76   5.8 
   0   205  0.71   5.8 
   0   225  0.78   5.3 
   0   232  0.78   5.1 
   0   218  0.82   5.5 
   0   226  0.71   5.3 
   0   210  0.78   5.7 
   0   205  0.70   5.8 
   0   210  0.60   5.7 
   0   189  0.69   6.3 
   0   178  0.74   6.7 
   0   202  0.63   5.9 
   0   188  0.68   6.3 
   0   194  0.64   6.1 
   0   177  0.67   6.7 
   0   191  0.67   6.3 
   0   175  0.77   6.8 
   0   188  0.76   6.4 
   0   209  0.73   5.7 
   0   219  0.73   5.5 
   0   237  0.68   5.0 
   0   240  0.66   5.0 
   0   207  0.79   5.8 
   0   232  0.70   5.1 
   0   213  0.74   5.6 
   0   223  0.68   5.4 
   0   216  0.69   5.5 
   0   225  0.72   5.3 
   0   248  0.62   4.8 
   0   243  0.66   4.9 
   0   217  0.75   5.5 
   0   246  0.64   4.9 
   0   237  0.65   5.1 
9999  9999 99.99 999.9 
   0   231  0.62   5.2 
   0   235  0.59   5.1 
   0   216  0.60   5.5 
   0   224  0.60   5.3 
   0   216  0.55   5.5 
   0   237  0.50   5.0 
   0   245  0.49   4.9 
   0   205  0.58   5.8 
   0   218  0.58   5.5 
   0   246  0.52   4.9 
   0   237  0.53   5.0 
   0   248  0.51   4.8 
   0   222  0.57   5.4 
   0   255  0.57   4.7 
   0   261  0.63   4.6 
   0   257  0.63   4.7 
   0   256  0.62   4.7 
   0   258  0.66   4.6 
   0   250  0.70   4.7 
   0   256  0.73   4.7 
   0   259  0.70   4.6 
   0   255  0.74   4.7 
   0   272  0.67   4.4 
   0   252  0.68   4.7 
   0   239  0.65   4.9 
   0   241  0.67   5.0 
   0   236  0.69   5.1 
   0   244  0.58   4.9 
   0   238  0.63   5.0 
   0   237  0.57   5.0 
   0   232  0.60   5.1 
   0   230  0.59   5.2 
   0   231  0.61   5.2 
   0   223  0.64   5.4 
   0   236  0.63   5.1 
   0   238  0.59   5.0 
   0   231  0.63   5.2 
   0   245  0.59   4.9 
   0   231  0.61   5.2 
   0   238  0.60   5.0 
   0   237  0.58   5.0 
   0   227  0.63   5.2 
   0   223  0.60   5.4 
   0   221  0.61   5.4 
   0   219  0.62   5.4 
   0   219  0.62   5.5 
   0   216  0.59   5.5 
   0   224  0.57   5.3 
   0   225  0.61   5.3 
   0   217  0.61   5.5 
   0   185  0.68   6.4 
   0   191  0.65   6.3 
   0   214  0.57   5.6 
   0   184  0.64   6.5 
   0   195  0.58   6.1 
   0   173  0.69   6.9 
   0   184  0.61   6.5 
   0   197  0.56   6.0 
   0   197  0.59   6.0 
   0   202  0.55   5.9 
   0   208  0.55   5.7 
   0   220  0.48   5.4 
   0   209  0.57   5.7 
   0   208  0.57   5.7 
   0   214  0.59   5.6 
   0   213  0.59   5.6 
   0   217  0.63   5.5 
   0   225  0.61   5.3 
   0   247  0.57   4.8 
   0   266  0.63   4.5 
   0   282  0.63   4.2 
   0   261  0.73   4.6 
   0   280  0.68   4.3 
   0   283  0.74   4.2 
   0   272  0.79   4.4 
   0   267  0.76   4.5 
   0   271  0.77   4.4 
   0   263  0.82   4.5 
   0   262  0.83   4.5 
   0   263  0.78   4.5 
   0   260  0.79   4.6 
   0   268  0.78   4.4 
   0   268  0.77   4.4 
   0   266  0.81   4.5 
   0   275  0.82   4.3 
   0   274  0.81   4.4 
   0   262  0.83   4.5 
   0   259  0.86   4.6 
   0   262  0.86   4.6 
   0   250  0.94   4.8 
   0   255  0.91   4.7 
   0   263  0.95   4.5 
   0   247  1.06   4.8 
   0   255  0.99   4.7 
   0   250  1.03   4.8 
   0   252  1.11   4.7 
   0   241  1.05   5.0 
   0   248  1.05   4.8 
   0   240  1.16   5.0 
   0   245  1.07   4.9 
   0   252  1.06   4.7 
   0   255  1.03   4.7 
   0   238  1.07   5.0 
   0   249  1.07   4.8 
   0   250  0.99   4.8 
   0   240  1.07   5.0 
   0   244  1.13   4.9 
   0   245  1.13   4.9 
   0   254  1.13   4.7 
   0   238  1.14   5.0 
   0   252  1.10   4.8 
   0   248  1.14   4.8 
   0   241  1.19   4.9 
   0   235  1.25   5.1 
   0   240  1.19   5.0 
   0   238  1.15   5.0 
   0   236  1.23   5.1 
   0   238  1.12   5.0 
   0   233  1.23   5.1 
   0   240  1.15   5.0 
   0   245  1.18   4.9 
   0   255  1.11   4.7 
   0   237  1.20   5.0 
   0   243  1.28   4.9 
   0   246  1.24   4.8 
   0   232  1.30   5.2 
   0   231  1.35   5.2 
   0   243  1.29   4.9 
   0   241  1.29   5.0 
   0   237  1.34   5.0 
   0   240  1.31   5.0 
   0   230  1.33   5.2 
   0   221  1.49   5.4 
   0   231  1.38   5.2 
   0   229  1.30   5.2 
   0   222  1.43   5.4 
   0   232  1.31   5.1 
   0   224  1.39   5.3 
   0   215  1.44   5.6 
   0   220  1.48   5.4 
   0   204  1.65   5.8 
   0   204  1.51   5.9 
   0   208  1.52   5.7 
   0   221  1.44   5.4 
   0   218  1.43   5.5 
   0   209  1.51   5.7 
   0   210  1.46   5.7 
   0   214  1.49   5.6 
   0   209  1.41   5.7 
   0   202  1.50   5.9 
   0   216  1.43   5.5 
   0   214  1.40   5.6 
   0   218  1.38   5.5 
   0   211  1.45   5.6 
   0   233  1.21   5.1 
   0   213  1.36   5.6 
   0   211  1.32   5.6 
   0   203  1.37   5.9 
   0   198  1.39   6.0 
   0   213  1.31   5.6 
   0   217  1.20   5.5 
   0   207  1.35   5.8 
   0   202  1.38   5.9 
   0   204  1.35   5.9 
   0   211  1.31   5.7 
   0   210  1.31   5.7 
   0   201  1.31   6.0 
   0   213  1.13   5.6 
   0   207  1.23   5.8 
   0   202  1.23   5.9 
   0   209  1.12   5.7 
   0   194  1.20   6.2 
   0   201  1.13   5.9 
   0   204  1.12   5.9 
   0   210  1.10   5.7 
   0   208  1.12   5.7 
   0   208  1.14   5.7 
   0   199  1.14   6.0 
   0   209  1.11   5.7 
   0   199  1.10   6.0 
   0   197  1.06   6.0 
   0   194  1.01   6.1 
   0   202  0.93   5.9 
   0   198  0.99   6.0 
   0   196  0.94   6.1 
   0   203  0.90   5.9 
   0   200  0.96   5.9 
   0   213  0.86   5.6 
   0   192  0.90   6.2 
   0   208  0.84   5.7 
   0   196  0.97   6.1 
   0   200  0.97   6.0 
   0   202  0.96   5.9 
   0   191  1.02   6.3 
   0   203  1.08   5.9 
   0   218  1.15   5.5 
   0   226  1.07   5.3 
   0   214  1.13   5.6 
   0   218  1.05   5.5 
   0   213  1.10   5.6 
   0   226  1.08   5.3 
   0   215  1.19   5.5 
   0   214  1.18   5.6 
   0   227  1.19   5.3 
   0   221  1.19   5.4 
   0   224  1.17   5.3 
   0   224  1.17   5.3 
   0   216  1.14   5.5 
   0   227  1.10   5.3 
   0   222  1.21   5.4 
   0   226  1.09   5.3 
   0   227  1.06   5.2 
   0   219  1.01   5.4 
   0   222  1.00   5.4 
   0   214  1.00   5.6 
   0   222  0.96   5.4 
   0   214  0.94   5.6 
   0   217  0.94   5.5 
   0   210  0.89   5.7 
   0   208  0.93   5.7 
   0   216  0.83   5.5 
   0   224  0.83   5.3 
   0   217  0.76   5.5 
   0   211  0.80   5.7 
   0   208  0.82   5.7 
   0   196  0.85   6.1 
   0   194  0.80   6.1 
   0   200  0.78   6.0 
   0   200  0.75   6.0 
   0   192  0.73   6.2 
   0   191  0.74   6.2 
   0   206  0.67   5.8 
   0   199  0.72   6.0 
   0   194  0.74   6.2 
   0   206  0.70   5.8 
   0   187  0.73   6.4 
   0   194  0.67   6.2 
   0   177  0.80   6.7 
   0   199  0.71   6.0 
   0   195  0.69   6.1 
   0   195  0.71   6.1 
   0   184  0.71   6.5 
   0   178  0.78   6.7 
   0   187  0.71   6.4 
   0   176  0.77   6.8 
   0   184  0.71   6.5 
   0   189  0.73   6.3 
   0   172  0.83   6.9 
   0   183  0.77   6.5 
   0   169  0.82   7.0 
   0   169  0.78   7.1 
   0   164  0.85   7.3 
   0   172  0.77   6.9 
   0   180  0.75   6.7 
   0   177  0.72   6.7 
   0   165  0.81   7.2 
   0   175  0.73   6.8 
   0   165  0.75   7.2 
   0   174  0.73   6.9 
   0   164  0.84   7.3 
   0   164  0.77   7.3 
   0   176  0.71   6.8 
   0   171  0.76   7.0 
   0   164  0.73   7.3 
   0   177  0.71   6.7 
   0   167  0.79   7.2 
   0   175  0.66   6.8 
   0   173  0.67   6.9 
   0   173  0.65   6.9 
   0   156  0.78   7.6 
   0   178  0.63   6.7 
   0   171  0.68   7.0 
   0   165  0.70   7.2 
   0   176  0.59   6.8 
   0   171  0.62   7.0 
   0   170  0.64   7.0 
   0   178  0.61   6.7 
   0   169  0.66   7.0 
   0   177  0.66   6.7 
   0   182  0.61   6.5 
   0   162  0.69   7.3 
   0   176  0.66   6.8 
   0   171  0.70   7.0 
   0   172  0.69   6.9 
   0   186  0.63   6.4 
   0   166  0.72   7.2 
   0   171  0.64   7.0 
   0   160  0.68   7.4 
   0   170  0.63   7.0 
   0   175  0.61   6.8 
   0   175  0.64   6.8 
   0   186  0.60   6.4 
   0   166  0.72   7.2 
   0   179  0.63   6.7 
   0   189  0.61   6.3 
   0   206  0.54   5.8 
   0   178  0.67   6.7 
   0   198  0.59   6.0 
   0   174  0.68   6.9 
   0   198  0.59   6.0 
   0   193  0.60   6.2 
   0   194  0.60   6.2 
   0   211  0.60   5.6 
   0   212  0.59   5.6 
   0   213  0.60   5.6 
   0   228  0.61   5.2 
   0   220  0.57   5.4 
   0   197  0.69   6.1 
   0   214  0.65   5.6 
   0   207  0.65   5.8 
   0   187  0.74   6.3 
   0   205  0.67   5.8 
   0   200  0.71   6.0 
   0   192  0.72   6.2 
   0   193  0.72   6.2 
   0   204  0.70   5.8 
   0   183  0.77   6.5 
   0   196  0.74   6.1 
   0   187  0.80   6.3 
   0   176  0.90   6.8 
   0   172  0.87   6.9 
   0   193  0.84   6.2 
   0   188  0.85   6.3 
   0   210  0.74   5.7 
   0   199  0.78   6.0 
   0   205  0.75   5.8 
   0   221  0.76   5.4 
   0   203  0.77   5.9 
   0   198  0.84   6.0 
   0   207  0.80   5.7 
   0   197  0.85   6.1 
   0   191  0.84   6.2 
   0   194  0.87   6.1 
   0   198  0.84   6.0 
   0   172  0.94   6.9 
   0   178  0.90   6.7 
   0   178  0.86   6.7 
   0   193  0.80   6.2 
   0   182  0.86   6.5 
   0   178  0.85   6.7 
   0   200  0.75   6.0 
   0   185  0.81   6.5 
   0   196  0.82   6.1 
   0   183  0.89   6.5 
   0   162  1.04   7.4 
   0   184  0.90   6.5 
   0   191  0.83   6.2 
   0   193  0.85   6.2 
   0   190  0.82   6.3 
   0   197  0.80   6.1 
   0   186  0.83   6.4 
   0   212  0.83   5.6 
   0   205  0.93   5.8 
   0   222  0.95   5.4 
   0   235  0.98   5.1 
   0   221  1.10   5.4 
   0   243  1.08   4.9 
   0   230  1.17   5.1 
   0   250  1.08   4.8 
   0   230  1.14   5.2 
   0   215  1.26   5.6 
   0   231  1.21   5.2 
   0   221  1.33   5.4 
   0   212  1.57   5.6 
   0   206  1.66   5.8 
   0   211  1.61   5.7 
   0   182  1.90   6.5 
   0   193  1.88   6.2 
   0   208  1.69   5.7 
   0   202  1.68   5.9 
   0   197  1.80   6.0 
   0   196  1.79   6.0 
   0   192  1.84   6.2 
   0   202  1.61   5.9 
   0   199  1.78   6.0 
   0   199  1.82   6.0 
   0   188  1.85   6.3 
   0   206  1.71   5.8 
   0   209  1.67   5.7 
   0   196  1.77   6.1 
   0   206  1.75   5.8 
   0   192  1.77   6.2 
   0   202  1.73   5.9 
   0   200  1.74   6.0 
   0   208  1.68   5.7 
   0   221  1.52   5.4 
   0   200  1.77   6.0 
   0   219  1.61   5.5 
   0   218  1.73   5.4 
9999  9999 99.99 999.9 
   0   215  1.71   5.6 
   0   211  1.74   5.7 
   0   214  1.69   5.6 
   0   208  1.75   5.7 
   0   209  1.84   5.7 
   0   193  2.10   6.2 
   0   201  1.96   5.9 
   0   199  1.94   6.0 
   0   204  2.00   5.8 
   0   184  2.21   6.5 
   0   190  2.18   6.3 
   0   168  2.59   7.1 
   0   165  2.51   7.2 
   0   180  2.32   6.6 
   0   156  2.75   7.6 
   0   166  2.49   7.2 
   0   158  2.59   7.6 
   0   146  3.05   8.1 
   0   153  2.81   7.8 
   0   154  2.70   7.8 
   0   157  2.60   7.6 
   0   154  2.59   7.7 
   0   154  2.54   7.8 
   0   151  2.48   7.9 
   0   150  2.53   7.9 
   0   143  2.77   8.3 
   0   134  2.84   8.9 
   0   137  2.88   8.7 
   0   133  3.04   8.9 
   0   139  2.65   8.6 
   0   137  2.69   8.6 
   0   131  2.70   9.1 
   0   146  2.48   8.1 
   0   136  2.58   8.7 
   0   135  2.67   8.9 
   0   144  2.20   8.2 
   0   139  2.30   8.6 
   0   136  2.34   8.6 
9999  9999 99.99 999.9 
   0   128  2.64   9.3 
   0   122  2.61   9.8 
   0   128  2.15   9.3 
   0   132  2.27   9.0 
   0   132  2.18   9.0 
   0   137  1.95   8.7 
   0   138  1.98   8.7 
   0   123  2.22   9.7 
   0   138  1.63   8.6 
   0   142  1.74   8.4 
   0   154  1.50   7.7 
   0   138  1.64   8.6 
   0   122  1.93   9.8 
   0   137  1.83   8.7 
   0   132  1.90   8.9 
   0   140  1.64   8.5 
   0   130  1.86   9.1 
   0   132  1.74   9.0 
   0   142  1.63   8.4 
   0   130  1.78   9.1 
   0   126  1.86   9.5 
   0   140  1.55   8.5 
   0   138  1.55   8.6 
   0   152  1.45   7.8 
   0   142  1.50   8.4 
   0   139  1.65   8.6 
   0   138  1.46   8.6 
   0   140  1.62   8.5 
   0   147  1.58   8.1 
   0   144  1.54   8.3 
   0   141  1.55   8.4 
   0   144  1.51   8.3 
   0   143  1.57   8.3 
   0   146  1.49   8.1 
   0   149  1.50   7.9 
   0   141  1.60   8.5 
   0   138  1.62   8.6 
   0   138  1.70   8.7 
   0   138  1.71   8.6 
   0   142  1.60   8.4 
   0   137  1.64   8.7 
   0   136  1.54   8.7 
   0   132  1.70   9.1 
   0   126  1.71   9.5 
   0   130  1.88   9.2 
   0   140  1.62   8.4 
   0   137  1.60   8.7 
   0   143  1.49   8.3 
   0   140  1.56   8.5 
   0   141  1.59   8.5 
   0   138  1.57   8.6 
   0   149  1.39   8.0 
   0   138  1.54   8.7 
   0   142  1.43   8.4 
   0   138  1.50   8.6 
   0   140  1.50   8.5 
   0   155  1.33   7.7 
   0   162  1.33   7.4 
   0   153  1.42   7.8 
   0   157  1.42   7.6 
   0   155  1.53   7.6 
   0   162  1.33   7.4 
   0   162  1.19   7.3 
   0   150  1.31   7.9 
   0   141  1.47   8.4 
   0   154  1.25   7.8 
   0   146  1.34   8.1 
   0   149  1.26   8.0 
   0   146  1.33   8.1 
   0   143  1.21   8.3 
   0   137  1.35   8.7 
   0   137  1.26   8.7 
   0   142  1.22   8.3 
   0   139  1.31   8.6 
   0   139  1.35   8.6 
   0   150  1.12   7.9 
   0   158  1.01   7.6 
   0   131  1.29   9.1 
   0   144  1.21   8.2 
   0   139  1.13   8.6 
   0   145  1.16   8.3 
   0   129  1.32   9.2 
   0   125  1.30   9.6 
   0   134  1.19   8.8 
   0   139  1.19   8.6 
   0   132  1.27   9.1 
   0   135  1.23   8.8 
   0   143  1.09   8.4 
   0   150  1.00   7.9 
   0   139  1.17   8.5 
   0   147  1.10   8.2 
   0   136  1.32   8.7 
   0   143  1.06   8.3 
   0   138  1.10   8.6 
   0   142  1.16   8.4 
   0   140  1.23   8.5 
   0   146  1.04   8.1 
   0   142  1.07   8.4 
   0   142  1.09   8.3 
   0   148  1.00   8.1 
   0   149  0.96   8.0 
   0   147  0.97   8.1 
   0   154  0.97   7.7 
   0   140  1.07   8.5 
   0   134  1.06   8.9 
   0   141  1.06   8.5 
   0   145  1.05   8.2 
   0   155  0.96   7.7 
   0   153  0.91   7.8 
   0   141  1.02   8.4 
9999  9999 99.99 999.9 
   0   155  0.94   7.7 
   0   148  1.07   8.0 
   0   170  0.89   7.0 
   0   161  0.87   7.4 
   0   161  0.88   7.4 
   0   154  0.99   7.7 
   0   154  0.93   7.7 
   0   154  0.92   7.7 
   0   156  0.94   7.6 
   0   157  0.86   7.6 
   0   166  0.85   7.2 
   0   157  0.83   7.6 
   0   151  0.87   7.9 
   0   173  0.79   6.9 
   0   182  0.80   6.6 
   0   178  0.89   6.7 
   0   202  0.80   5.9 
   0   207  0.85   5.7 
   0   201  0.90   5.9 
   0   220  0.81   5.4 
   0   217  0.92   5.5 
   0   221  0.98   5.4 
   0   228  0.97   5.2 
   0   222  1.03   5.4 
   0   221  1.03   5.4 
   0   223  1.00   5.4 
   0   231  1.02   5.2 
   0   244  1.03   4.9 
   0   240  0.99   5.0 
   0   240  1.07   5.0 
   0   223  1.16   5.4 
   0   231  1.08   5.2 
   0   227  1.09   5.3 
   0   220  1.11   5.4 
   0   221  1.08   5.4 
   0   216  1.13   5.5 
   0   243  1.01   4.9 
   0   219  1.10   5.5 
   0   222  1.04   5.3 
   0   230  1.07   5.2 
   0   240  0.99   5.0 
   0   248  0.98   4.8 
   0   231  1.07   5.1 
   0   228  1.17   5.2 
   0   233  1.18   5.1 
   0   232  1.22   5.1 
   0   229  1.22   5.2 
   0   246  1.21   4.9 
   0   235  1.22   5.1 
   0   242  1.27   4.9 
   0   244  1.25   4.9 
   0   241  1.33   4.9 
   0   244  1.29   4.9 
   0   241  1.37   5.0 
   0   236  1.39   5.0 
   0   237  1.38   5.1 
   0   239  1.30   5.0 
   0   248  1.22   4.8 
   0   242  1.31   4.9 
   0   236  1.28   5.1 
   0   246  1.19   4.9 
   0   249  1.21   4.8 
   0   245  1.23   4.9 
   0   235  1.25   5.1 
   0   235  1.32   5.1 
   0   242  1.23   4.9 
   0   232  1.27   5.1 
   0   229  1.28   5.2 
   0   231  1.30   5.2 
   0   235  1.28   5.1 
   0   228  1.29   5.3 
   0   235  1.37   5.1 
   0   224  1.50   5.3 
   0   219  1.56   5.4 
   0   206  1.64   5.8 
   0   204  1.70   5.8 
   0   214  1.66   5.6 
   0   211  1.68   5.7 
   0   206  1.73   5.8 
   0   205  1.85   5.8 
   0   208  1.66   5.7 
   0   206  1.78   5.8 
   0   200  1.79   6.0 
   0   216  1.57   5.5 
   0   204  1.71   5.9 
   0   198  1.75   6.0 
   0   202  1.68   5.9 
   0   205  1.57   5.8 
   0   211  1.52   5.7 
   0   202  1.57   5.9 
   0   210  1.62   5.7 
   0   208  1.53   5.7 
   0   202  1.59   5.9 
   0   211  1.48   5.7 
   0   205  1.53   5.8 
   0   200  1.47   6.0 
   0   200  1.50   6.0 
   0   205  1.45   5.8 
   0   204  1.44   5.9 
   0   212  1.30   5.6 
   0   206  1.26   5.8 
   0   195  1.32   6.1 
   0   208  1.22   5.7 
   0   208  1.24   5.7 
   0   191  1.40   6.2 
   0   197  1.24   6.1 
   0   192  1.40   6.2 
   0   179  1.45   6.7 
   0   187  1.34   6.4 
   0   186  1.37   6.4 
   0   194  1.33   6.2 
   0   196  1.24   6.1 
   0   200  1.26   6.0 
   0   193  1.25   6.2 
   0   172  1.45   7.0 
   0   188  1.30   6.4 
   0   186  1.39   6.4 
   0   183  1.33   6.5 
   0   170  1.42   7.0 
   0   176  1.37   6.8 
   0   180  1.30   6.6 
   0   158  1.55   7.6 
   0   167  1.46   7.2 
   0   172  1.33   6.9 
   0   171  1.36   7.0 
   0   165  1.39   7.2 
   0   182  1.19   6.6 
   0   162  1.47   7.3 
   0   170  1.29   7.0 
   0   176  1.28   6.8 
   0   175  1.27   6.8 
   0   175  1.27   6.8 
   0   180  1.21   6.6 
   0   178  1.17   6.7 
   0   169  1.17   7.0 
   0   180  1.16   6.6 
   0   177  1.09   6.7 
   0   177  1.12   6.7 
   0   181  1.09   6.6 
   0   177  1.06   6.7 
   0   174  1.06   6.9 
   0   178  1.00   6.7 
   0   180  0.92   6.6 
   0   185  0.94   6.4 
   0   172  1.03   7.0 
   0   175  0.93   6.8 
   0   172  0.93   6.9 
   0   179  0.96   6.6 
   0   176  0.95   6.8 
   0   174  0.99   6.8 
   0   172  0.91   7.0 
   0   181  0.85   6.5 
   0   176  0.97   6.8 
   0   179  0.90   6.7 
   0   173  0.90   6.9 
   0   183  0.82   6.5 
   0   176  0.89   6.8 
   0   174  0.89   6.8 
   0   171  0.90   7.0 
   0   176  0.87   6.8 
   0   176  0.81   6.8 
   0   168  0.88   7.1 
   0   169  0.82   7.0 
   0   178  0.86   6.7 
   0   173  0.88   6.9 
   0   177  0.79   6.7 
   0   164  0.82   7.3 
   0   175  0.75   6.8 
   0   166  0.83   7.2 
   0   168  0.76   7.1 
   0   159  0.90   7.5 
   0   163  0.89   7.3 
   0   163  0.87   7.3 
   0   161  0.80   7.4 
   0   167  0.82   7.2 
   0   168  0.85   7.1 
   0   167  0.81   7.1 
   0   169  0.86   7.0 
   0   176  0.76   6.7 
   0   181  0.78   6.6 
   0   175  0.79   6.8 
   0   173  0.86   6.9 
   0   173  0.86   6.9 
   0   171  0.90   7.0 
   0   174  0.88   6.8 
   0   171  0.87   7.0 
   0   189  0.80   6.3 
   0   177  0.90   6.7 
   0   182  0.87   6.5 
   0   179  0.88   6.7 
   0   181  0.84   6.6 
   0   183  0.83   6.5 
   0   176  0.90   6.8 
   0   191  0.82   6.2 
   0   188  0.82   6.3 
   0   195  0.83   6.1 
   0   189  0.83   6.3 
   0   186  0.89   6.4 
   0   199  0.80   6.0 
   0   177  0.93   6.7 
   0   172  0.98   7.0 
   0   185  0.83   6.4 
   0   201  0.74   5.9 
   0   186  0.90   6.4 
   0   177  0.91   6.7 
   0   190  0.85   6.3 
   0   195  0.85   6.1 
   0   183  0.90   6.5 
   0   205  0.77   5.8 
   0   198  0.82   6.0 
   0   189  0.83   6.3 
   0   195  0.75   6.1 
   0   204  0.78   5.9 
   0   195  0.81   6.1 
   0   179  0.93   6.7 
   0   196  0.82   6.1 
   0   184  0.84   6.5 
   0   176  0.84   6.8 
   0   187  0.82   6.4 
   0   171  0.91   6.9 
   0   173  0.88   6.9 
   0   169  0.92   7.1 
   0   170  0.75   7.0 
   0   168  0.83   7.1 
   0   162  0.89   7.4 
   0   168  0.84   7.1 
   0   161  0.90   7.4 
   0   160  0.91   7.5 
   0   167  0.81   7.2 
   0   159  0.84   7.5 
   0   169  0.81   7.0 
   0   167  0.82   7.1 
   0   175  0.78   6.8 
   0   166  0.82   7.2 
   0   179  0.76   6.7 
   0   178  0.79   6.7 
   0   189  0.71   6.3 
   0   175  0.78   6.8 
   0   163  0.83   7.3 
   0   176  0.80   6.8 
   0   190  0.71   6.3 
   0   186  0.74   6.4 
   0   177  0.77   6.7 
   0   170  0.75   7.0 
   0   175  0.76   6.8 
   0   181  0.73   6.6 
   0   170  0.78   7.0 
   0   181  0.73   6.6 
   0   186  0.70   6.4 
   0   181  0.72   6.6 
   0   167  0.79   7.1 
   0   171  0.72   6.9 
