                       
   0   273  0.78   4.4 
   0   270  0.77   4.4 
   0   252  0.87   4.7 
   0   259  0.94   4.6 
   0   257  1.04   4.7 
   0   239  1.18   5.0 
   0   240  1.19   5.0 
   0   226  1.30   5.3 
   0   226  1.32   5.3 
   0   225  1.37   5.3 
   0   216  1.40   5.5 
   0   218  1.43   5.5 
   0   214  1.46   5.6 
   0   229  1.38   5.2 
   0   213  1.56   5.6 
   0   216  1.43   5.5 
   0   220  1.47   5.4 
   0   214  1.41   5.4 
   0   197  1.40   5.6 
   0   184  1.48   5.7 
   0   177  1.45   5.5 
   0   195  1.48   5.7 
   0   194  1.48   5.8 
   0   147  1.60   5.6 
   0   146  1.66   6.2 
   0   132  1.62   5.7 
   0   163  1.83   5.8 
   0   181  1.76   6.6 
   0   171  1.89   7.0 
   0   194  1.54   6.1 
   0   174  1.55   6.8 
   0   175  1.38   6.8 
   0   155  1.65   7.7 
   0   164  1.37   7.2 
   0   143  1.64   8.3 
   0   149  1.53   8.0 
   0   170  1.24   7.0 
   0   154  1.35   7.8 
   0   170  1.20   7.0 
   0   167  1.13   7.1 
   0   138  1.41   8.6 
   0   155  1.10   7.7 
   0   138  1.21   8.7 
   0   157  1.05   7.6 
   0   148  1.18   8.0 
   0   135  1.33   8.8 
   0   139  1.36   8.6 
   0   136  1.31   8.8 
   0   132  1.39   9.0 
   0   140  1.31   8.5 
   0   128  1.41   9.3 
   0   137  1.28   8.6 
   0   138  1.37   8.6 
   0   140  1.45   8.5 
   0   154  1.40   7.7 
   0   157  1.40   7.5 
   0   156  1.44   7.7 
   0   164  1.45   7.2 
   0   156  1.56   7.6 
   0   157  1.54   7.5 
   0   170  1.40   7.0 
   0   164  1.40   7.3 
   0   167  1.47   7.2 
   0   157  1.57   7.6 
   0   157  1.52   7.6 
   0   159  1.54   7.5 
   0   150  1.54   8.0 
   0   165  1.37   7.2 
   0   169  1.31   7.0 
   0   163  1.29   7.3 
   0   148  1.48   8.1 
   0   152  1.36   7.8 
   0   163  1.34   7.3 
   0   169  1.12   7.0 
   0   171  1.14   7.0 
   0   174  1.13   6.9 
   0   157  1.24   7.6 
   0   172  1.11   6.9 
   0   164  1.25   7.3 
   0   171  1.24   7.0 
   0   174  1.20   6.9 
   0   180  1.20   6.6 
   0   176  1.20   6.8 
   0   191  1.07   6.2 
   0   196  0.99   6.1 
   0   184  1.08   6.5 
   0   197  1.00   6.0 
   0   204  1.08   5.9 
   0   190  1.05   6.2 
   0   173  1.16   6.9 
   0   196  0.85   6.1 
   0   182  0.89   6.5 
   0   176  0.95   6.8 
   0   174  0.97   6.9 
   0   195  0.87   6.1 
   0   180  0.91   6.6 
   0   187  0.92   6.4 
   0   187  0.95   6.3 
   0   170  0.98   7.0 
   0   166  0.97   7.2 
   0   182  0.83   6.5 
   0   165  0.94   7.2 
   0   167  0.97   7.1 
   0   166  0.88   7.2 
   0   184  0.85   6.5 
   0   191  0.81   6.3 
   0   170  0.92   7.0 
   0   162  0.94   7.3 
   0   163  0.89   7.3 
   0   155  0.93   7.6 
   0   155  0.94   7.7 
   0   164  0.81   7.2 
   0   141  1.01   8.4 
   0   140  0.88   8.5 
   0   138  0.96   8.7 
   0   147  0.81   8.1 
   0   145  0.83   8.3 
   0   142  0.86   8.4 
   0   147  0.88   8.1 
   0   148  0.81   8.0 
   0   143  0.84   8.4 
   0   136  0.86   8.7 
   0   143  0.80   8.4 
   0   136  0.86   8.7 
   0   139  0.89   8.6 
   0   136  0.85   8.7 
   0   139  0.87   8.5 
   0   163  0.68   7.3 
   0   150  0.79   7.9 
   0   156  0.77   7.6 
   0   151  0.79   7.9 
   0   142  0.85   8.4 
   0   141  0.79   8.4 
   0   150  0.78   7.9 
   0   172  0.71   6.9 
   0   173  0.73   6.9 
   0   178  0.72   6.7 
   0   165  0.84   7.2 
   0   170  0.80   7.0 
   0   187  0.74   6.3 
   0   180  0.73   6.6 
   0   185  0.76   6.4 
   0   190  0.74   6.3 
   0   172  0.77   6.9 
   0   176  0.74   6.8 
   0   155  0.89   7.7 
   0   162  0.81   7.3 
   0   166  0.80   7.2 
   0   152  0.91   7.9 
   0   148  0.93   8.0 
   0   161  0.80   7.3 
   0   167  0.84   7.1 
   0   167  0.90   7.2 
   0   160  0.96   7.5 
   0   173  0.89   6.8 
   0   154  1.03   7.7 
   0   172  0.95   6.9 
   0   150  1.19   7.9 
   0   157  1.20   7.6 
   0   167  1.04   7.1 
   0   158  1.12   7.5 
   0   165  1.14   7.2 
   0   165  1.09   7.2 
   0   165  1.00   7.2 
   0   145  1.14   8.3 
   0   161  1.04   7.4 
   0   152  1.16   7.8 
   0   153  1.09   7.8 
   0   152  1.12   7.8 
   0   163  1.00   7.2 
   0   156  1.02   7.6 
   0   152  1.04   7.9 
   0   145  1.09   8.2 
   0   141  1.16   8.5 
   0   150  1.06   8.0 
   0   148  1.07   8.0 
   0   141  1.15   8.4 
   0   145  1.08   8.2 
   0   138  1.18   8.6 
   0   155  0.97   7.7 
   0   150  1.01   8.0 
   0   147  1.12   8.1 
   0   143  1.05   8.3 
   0   142  1.20   8.4 
   0   152  1.07   7.8 
   0   159  0.94   7.5 
   0   150  1.03   7.9 
   0   152  0.96   7.8 
   0   142  1.04   8.4 
   0   146  1.00   8.1 
   0   144  1.05   8.2 
   0   138  1.09   8.6 
   0   134  1.23   8.9 
   0   137  1.26   8.7 
   0   142  1.04   8.4 
   0   139  1.12   8.6 
   0   143  1.04   8.3 
   0   138  1.07   8.7 
   0   147  1.06   8.1 
   0   146  1.04   8.2 
   0   143  1.05   8.3 
   0   141  0.95   8.4 
   0   143  0.94   8.3 
   0   136  1.08   8.8 
   0   145  0.96   8.2 
   0   130  0.99   9.2 
   0   134  1.02   8.9 
   0   133  1.05   9.0 
   0   130  0.95   9.1 
   0   130  1.03   9.2 
   0   121  1.13   9.9 
   0   130  0.98   9.2 
   0   134  0.96   8.9 
   0   134  1.03   8.9 
   0   137  0.99   8.7 
   0   143  0.95   8.3 
   0   157  0.89   7.6 
   0   151  0.91   7.9 
   0   140  1.01   8.4 
   0   153  0.92   7.8 
   0   146  1.08   8.2 
   0   170  1.00   7.0 
   0   172  1.02   6.9 
   0   153  1.15   7.8 
   0   154  1.11   7.7 
   0   166  0.97   7.2 
   0   159  1.10   7.5 
   0   156  1.01   7.7 
   0   173  0.97   6.9 
   0   165  0.96   7.2 
   0   161  0.90   7.4 
   0   155  0.92   7.7 
   0   159  0.93   7.5 
   0   144  1.00   8.3 
   0   139  1.09   8.6 
   0   151  0.99   7.9 
   0   143  1.07   8.3 
   0   141  1.01   8.5 
   0   146  0.92   8.2 
   0   145  0.92   8.1 
   0   152  0.91   7.9 
   0   157  0.84   7.6 
   0   145  0.95   8.2 
   0   136  0.96   8.8 
   0   134  0.93   8.9 
   0   137  0.96   8.7 
   0   136  0.92   8.7 
   0   145  0.92   8.2 
   0   132  0.98   9.0 
   0   135  0.90   8.8 
   0   142  0.84   8.4 
   0   147  0.83   8.1 
   0   137  0.90   8.7 
   0   137  0.86   8.7 
   0   150  0.81   8.0 
   0   139  0.89   8.5 
   0   151  0.77   7.9 
   0   136  0.88   8.7 
   0   138  0.81   8.6 
   0   142  0.78   8.4 
   0   131  0.88   9.1 
   0   144  0.72   8.3 
   0   141  0.79   8.4 
   0   142  0.75   8.4 
   0   143  0.75   8.3 
   0   134  0.73   8.8 
   0   136  0.78   8.8 
   0   135  0.79   8.8 
   0   139  0.80   8.6 
   0   147  0.70   8.1 
   0   157  0.74   7.6 
   0   138  0.75   8.7 
   0   150  0.73   7.9 
   0   146  0.75   8.2 
   0   142  0.77   8.4 
   0   133  0.82   8.9 
   0   129  0.83   9.2 
   0   149  0.70   8.0 
   0   151  0.69   7.9 
   0   143  0.73   8.3 
   0   149  0.75   7.9 
   0   163  0.79   7.3 
   0   205  0.69   5.8 
   0   227  0.75   5.2 
   0   199  0.86   6.0 
   0   223  0.83   5.3 
   0   223  0.87   5.4 
   0   234  0.89   5.1 
   0   216  0.93   5.5 
   0   239  0.88   5.0 
   0   236  0.89   5.1 
   0   251  0.81   4.8 
   0   241  0.91   5.0 
   0   240  0.95   5.0 
   0   236  0.93   5.1 
   0   225  0.96   5.3 
   0   238  0.99   5.0 
   0   237  1.06   5.0 
   0   228  1.15   5.2 
   0   225  1.15   5.3 
   0   221  1.29   5.4 
   0   220  1.20   5.4 
   0   215  1.20   5.5 
   0   206  1.34   5.8 
   0   220  1.23   5.4 
   0   206  1.29   5.8 
   0   222  1.11   5.4 
   0   207  1.20   5.8 
   0   204  1.30   5.8 
   0   204  1.25   5.8 
   0   214  1.13   5.6 
   0   205  1.14   5.8 
   0   206  1.15   5.8 
   0   205  1.16   5.8 
   0   195  1.27   6.1 
   0   197  1.23   6.1 
   0   205  1.10   5.8 
   0   202  1.14   5.9 
   0   194  1.10   6.1 
   0   196  1.10   6.1 
   0   192  1.09   6.2 
   0   189  1.18   6.3 
   0   193  1.13   6.2 
   0   198  1.06   6.0 
   0   195  1.10   6.1 
   0   202  1.05   5.9 
   0   197  1.11   6.1 
   0   189  1.10   6.3 
   0   200  1.08   5.9 
   0   196  1.06   6.1 
   0   197  1.19   6.0 
   0   207  1.09   5.8 
   0   196  1.10   6.1 
   0   204  1.03   5.8 
   0   197  1.02   6.1 
   0   192  1.09   6.2 
   0   193  1.12   6.2 
   0   205  1.00   5.8 
   0   183  1.09   6.5 
   0   200  1.00   6.0 
   0   185  0.99   6.5 
   0   180  1.04   6.6 
   0   167  1.11   7.1 
   0   170  1.06   7.0 
   0   169  1.04   7.1 
   0   189  0.92   6.3 
   0   177  0.95   6.8 
   0   171  1.01   6.9 
   0   181  0.99   6.6 
   0   167  1.04   7.1 
   0   180  0.97   6.6 
   0   184  0.94   6.5 
   0   194  0.90   6.1 
   0   177  0.98   6.8 
   0   173  1.02   6.9 
   0   163  0.98   7.3 
   0   167  0.98   7.1 
   0   172  0.99   7.0 
   0   179  0.91   6.7 
   0   199  0.82   6.0 
   0   174  0.94   6.8 
   0   170  0.95   7.0 
   0   165  0.95   7.2 
   0   180  0.87   6.6 
   0   168  0.97   7.1 
   0   182  0.89   6.5 
   0   170  0.99   7.0 
   0   173  0.93   6.9 
   0   176  0.95   6.7 
   0   159  1.06   7.5 
   0   172  0.94   6.9 
   0   166  1.01   7.2 
   0   162  1.00   7.4 
   0   176  0.92   6.8 
   0   160  1.05   7.4 
   0   163  1.07   7.3 
   0   170  1.03   7.0 
   0   177  1.06   6.7 
   0   161  1.18   7.4 
   0   159  1.21   7.5 
   0   166  1.13   7.2 
   0   155  1.20   7.7 
   0   167  1.14   7.1 
   0   173  1.18   6.9 
   0   179  1.10   6.7 
   0   181  1.16   6.6 
   0   189  1.11   6.3 
   0   186  1.14   6.4 
   0   190  1.09   6.3 
   0   191  1.15   6.3 
   0   196  1.12   6.1 
   0   195  1.07   6.1 
   0   189  1.08   6.3 
   0   174  1.10   6.9 
   0   182  1.16   6.6 
   0   180  1.24   6.6 
   0   197  1.08   6.0 
   0   188  1.06   6.4 
   0   179  1.05   6.7 
   0   168  1.19   7.1 
   0   174  1.10   6.8 
   0   170  1.14   7.0 
   0   171  1.12   6.9 
   0   174  1.12   6.8 
   0   169  1.19   7.1 
   0   174  1.09   6.8 
   0   177  1.00   6.8 
   0   155  1.21   7.7 
   0   171  1.04   7.0 
   0   174  1.01   6.8 
   0   159  1.00   7.4 
   0   174  1.00   6.8 
   0   183  0.88   6.5 
   0   187  0.89   6.3 
   0   175  0.93   6.8 
   0   193  0.86   6.2 
   0   188  0.97   6.3 
   0   199  0.90   6.0 
   0   187  0.86   6.4 
   0   176  0.94   6.8 
   0   210  0.82   5.7 
   0   190  0.89   6.3 
   0   179  0.92   6.6 
   0   195  0.88   6.1 
   0   179  0.92   6.6 
   0   184  0.87   6.5 
   0   197  0.84   6.0 
   0   214  0.82   5.6 
   0   191  0.94   6.2 
   0   211  0.89   5.6 
   0   211  0.93   5.7 
   0   219  0.93   5.5 
   0   236  0.91   5.1 
   0   231  0.97   5.2 
   0   220  0.90   5.4 
   0   217  0.98   5.5 
   0   230  0.92   5.2 
   0   210  0.98   5.7 
   0   223  0.98   5.4 
   0   222  0.98   5.4 
   0   221  0.95   5.4 
   0   213  1.00   5.6 
   0   216  1.01   5.5 
   0   210  1.04   5.7 
   0   207  1.03   5.7 
   0   215  1.01   5.5 
   0   213  0.98   5.6 
   0   227  0.97   5.2 
   0   225  1.00   5.3 
   0   211  1.10   5.7 
   0   221  1.04   5.4 
   0   216  1.18   5.5 
   0   224  1.21   5.3 
   0   226  1.20   5.3 
   0   221  1.22   5.4 
   0   223  1.22   5.3 
   0   237  1.29   5.0 
   0   226  1.50   5.3 
   0   230  1.36   5.2 
   0   230  1.38   5.2 
   0   220  1.50   5.4 
   0   217  1.52   5.5 
   0   219  1.49   5.5 
   0   220  1.60   5.4 
   0   219  1.55   5.4 
   0   226  1.45   5.3 
   0   219  1.72   5.5 
   0   219  1.56   5.4 
   0   217  1.49   5.5 
   0   216  1.63   5.6 
   0   211  1.69   5.7 
   0   200  1.78   6.0 
   0   204  1.70   5.9 
   0   216  1.59   5.5 
   0   208  1.62   5.7 
   0   205  1.77   5.8 
   0   200  1.78   6.0 
   0   212  1.64   5.6 
   0   195  1.90   6.1 
   0   197  1.91   6.1 
   0   198  1.88   6.0 
   0   203  1.77   5.9 
   0   202  1.86   5.9 
   0   198  1.82   6.0 
   0   197  1.96   6.1 
   0   205  1.79   5.8 
   0   197  1.97   6.1 
   0   202  1.98   5.9 
   0   193  2.00   6.2 
   0   196  1.86   6.1 
   0   191  2.15   6.3 
   0   200  1.87   6.0 
   0   199  1.97   6.0 
   0   193  1.98   6.2 
   0   190  2.12   6.3 
   0   185  2.17   6.5 
   0   194  2.03   6.1 
   0   194  2.03   6.2 
   0   186  2.23   6.4 
   0   191  2.32   6.3 
   0   178  2.36   6.7 
   0   183  2.38   6.5 
   0   177  2.61   6.7 
   0   183  2.21   6.5 
   0   178  2.40   6.7 
   0   179  2.55   6.7 
   0   178  2.46   6.7 
   0   173  2.41   6.9 
   0   174  2.35   6.9 
   0   165  2.45   6.9 
   0   173  2.57   6.9 
   0   164  2.45   6.8 
   0   164  2.52   6.8 
   0   159  2.50   6.7 
   0   160  2.62   7.0 
   0   158  2.67   7.0 
   0   161  2.66   6.9 
   0   174  2.46   6.3 
   0   177  2.51   6.6 
   0   166  2.90   7.0 
   0   153  2.94   7.3 
   0   118  2.84   7.2 
   0   123  2.92   7.2 
   0   148  2.82   6.9 
   0   133  2.90   7.0 
   0   123  2.96   6.9 
   0   119  3.23   7.3 
   0   144  2.73   6.9 
   0   113  2.91   7.3 
   0   136  2.95   7.3 
   0   151  2.82   7.5 
   0   127  2.59   6.8 
   0   129  2.77   7.6 
   0   140  2.52   6.8 
   0   159  2.69   7.2 
   0   165  2.81   7.2 
   0   154  2.60   7.2 
   0   148  2.98   7.5 
   0   149  2.60   7.3 
   0   149  3.05   7.8 
   0   139  2.86   7.4 
   0   155  2.90   7.3 
   0   126  3.30   7.7 
   0   125  3.19   8.2 
   0    97  2.79   7.2 
   0    97  3.46   8.2 
   0   131  3.20   7.5 
   0   140  3.38   7.7 
   0   133  3.31   7.5 
   0   112  3.05   7.7 
   0   118  3.20   7.8 
   0   138  3.22   8.0 
   0   147  3.23   7.4 
   0   149  3.39   7.7 
   0   138  3.29   8.1 
   0   129  3.69   8.3 
   0   147  3.37   7.7 
   0   150  3.31   7.9 
   0   147  3.38   8.1 
9999  9999 99.99 999.9 
   0   141  3.75   8.4 
   0   148  3.39   8.0 
   0   125  3.64   9.1 
   0   135  3.74   8.8 
   0   142  3.48   8.3 
   0   138  3.62   8.5 
   0   134  3.63   8.9 
   0   128  3.78   9.3 
   0   143  3.06   8.3 
   0   126  3.93   9.5 
   0   142  3.39   8.4 
   0   129  3.78   9.2 
   0   133  3.56   8.8 
   0   136  3.42   8.8 
   0   135  3.63   8.8 
   0   141  3.41   8.4 
   0   137  3.70   8.7 
   0   137  3.64   8.7 
   0   128  3.75   9.3 
   0   127  3.70   9.3 
   0   123  4.06   9.7 
   0   128  3.69   9.3 
   0   129  3.65   9.3 
   0   133  3.72   9.0 
9999  9999 99.99 999.9 
   0   125  3.84   9.4 
   0   132  3.62   9.0 
   0   140  3.35   8.5 
9999  9999 99.99 999.9 
   0   115  4.35  10.3 
   0   150  3.13   8.0 
   0   145  3.29   8.2 
   0   130  3.63   9.2 
   0   136  3.50   8.7 
   0   127  3.54   9.4 
   0   137  3.20   8.7 
   0   127  3.48   9.4 
   0   136  3.47   8.7 
   0   142  3.44   8.4 
   0   141  3.31   8.4 
   0   137  3.39   8.7 
   0   131  3.78   9.1 
   0   138  3.11   8.5 
   0   151  3.09   7.8 
   0   146  3.11   8.2 
   0   150  3.01   7.9 
   0   143  3.16   8.2 
   0   134  3.42   8.9 
   0   131  3.36   9.1 
   0   144  3.13   8.3 
   0   131  3.54   9.1 
   0   127  3.58   9.3 
   0   139  3.38   8.5 
   0   144  3.17   8.3 
   0   139  3.24   8.6 
   0   133  3.26   8.9 
   0   128  3.41   9.3 
   0   142  3.10   8.3 
   0   137  3.12   8.6 
   0   138  3.11   8.6 
   0   137  3.01   8.7 
   0   135  3.09   8.8 
   0   137  2.99   8.7 
   0   131  3.17   9.1 
   0   129  3.41   9.3 
   0   129  3.41   9.2 
   0   134  3.47   8.9 
   0   155  2.68   7.6 
   0   124  3.62   9.5 
   0   139  3.00   8.6 
   0   130  3.31   9.1 
   0   137  2.90   8.7 
   0   138  2.98   8.6 
   0   126  3.23   9.4 
   0   156  2.60   7.7 
   0   137  3.18   8.7 
   0   125  3.28   9.5 
   0   125  3.38   9.4 
   0   129  3.12   9.2 
   0   142  2.88   8.4 
   0   129  3.32   9.3 
   0   142  2.86   8.4 
   0   134  3.07   8.9 
   0   134  2.81   8.9 
   0   131  2.90   9.1 
   0   134  2.80   8.9 
   0   122  3.18   9.7 
   0   130  2.92   9.2 
   0   131  3.17   9.0 
   0   129  3.10   9.2 
   0   128  3.11   9.3 
   0   132  2.82   9.0 
   0   122  3.01   9.8 
   0   127  2.99   9.3 
   0   132  2.63   9.1 
   0   130  2.88   9.1 
   0   126  3.12   9.5 
   0   127  2.63   9.3 
   0   142  2.60   8.4 
   0   139  2.62   8.6 
   0   135  2.66   8.8 
   0   124  2.93   9.6 
   0   123  3.03   9.7 
   0   129  2.67   9.2 
   0   134  2.55   8.9 
   0   134  2.59   8.9 
   0   137  2.37   8.7 
   0   125  2.73   9.5 
   0   134  2.52   8.9 
   0   129  2.74   9.2 
   0   122  2.78   9.8 
   0   121  2.80   9.8 
   0   126  2.72   9.3 
   0   154  1.97   7.7 
   0   127  2.65   9.4 
   0   125  2.72   9.5 
   0   120  2.69   9.7 
   0   126  2.65   9.5 
   0   119  2.74   9.9 
   0   115  2.88  10.2 
   0   127  2.54   9.3 
   0   123  2.63   9.7 
   0   118  2.83  10.1 
   0   125  2.42   9.6 
   0   135  2.29   8.8 
   0   129  2.52   9.2 
   0   128  2.63   9.3 
   0   125  2.64   9.5 
   0   117  2.85  10.2 
   0   130  2.51   9.2 
   0   115  2.91  10.3 
   0   111  2.86  10.8 
   0   111  2.91  10.7 
   0   126  2.43   9.5 
   0   133  2.22   8.9 
   0   115  2.99  10.3 
   0   111  3.18  10.6 
   0   133  2.40   9.0 
   0   123  2.51   9.6 
   0   126  2.55   9.5 
   0   124  2.61   9.5 
   0   114  2.66  10.4 
   0   106  2.97  11.2 
   0   131  2.21   9.1 
   0   112  2.80  10.6 
   0   120  2.41   9.9 
   0   119  2.58  10.0 
   0   128  2.28   9.3 
   0   126  2.32   9.4 
   0   126  2.30   9.4 
   0   123  2.34   9.7 
   0   130  2.24   9.1 
   0   130  2.27   9.1 
   0   135  2.09   8.8 
   0   114  2.69  10.4 
   0   108  2.84  11.0 
   0   125  2.45   9.5 
   0   120  2.41   9.9 
   0   121  2.29   9.8 
   0   122  2.35   9.7 
   0   123  2.20   9.6 
   0   124  2.33   9.6 
   0   119  2.27  10.0 
   0   120  2.38   9.9 
   0   119  2.37  10.0 
   0   116  2.47  10.2 
   0   117  2.27  10.2 
   0   115  2.35  10.3 
   0   129  2.01   9.2 
   0   117  2.44  10.2 
   0   105  2.67  11.3 
   0   120  1.98   9.9 
   0   110  2.50  10.9 
   0   108  2.33  11.0 
   0   112  2.28  10.5 
   0   109  2.56  10.9 
   0   113  2.17  10.6 
   0   114  2.17  10.4 
   0   102  2.68  11.7 
   0   125  1.89   9.5 
   0   116  2.09  10.2 
   0   111  2.29  10.7 
   0   115  2.13  10.3 
   0   115  2.18  10.3 
   0   117  2.27  10.1 
   0   116  2.15  10.3 
   0   120  1.97   9.8 
   0   123  1.92   9.5 
   0   121  1.85   9.9 
   0   121  1.90   9.8 
   0   121  1.94   9.8 
   0   125  1.80   9.6 
   0   116  1.86  10.2 
   0   116  1.88  10.2 
   0   119  1.88  10.0 
   0   114  2.13  10.4 
   0   124  1.79   9.4 
   0   122  1.84   9.7 
   0   125  1.85   9.6 
   0   116  1.99  10.3 
   0   126  1.79   9.4 
   0   114  1.94  10.5 
   0   121  1.96   9.8 
   0   116  1.99  10.2 
   0   119  2.10   9.9 
   0   117  1.90  10.1 
   0   117  1.72  10.1 
   0   117  1.95  10.2 
   0   112  2.07  10.6 
   0   118  1.82  10.1 
   0   122  1.68   9.7 
   0   117  1.92  10.2 
   0   114  1.98  10.4 
   0   116  1.83  10.3 
   0   123  1.85   9.6 
   0   117  1.94  10.2 
   0   108  2.12  10.9 
   0   109  2.00  10.9 
   0   117  1.81  10.1 
   0   111  1.81  10.7 
   0   110  2.02  10.9 
   0   110  2.11  10.8 
   0   111  1.93  10.7 
   0   104  2.04  11.3 
   0   117  1.59  10.1 
   0   112  1.73  10.6 
   0   112  1.78  10.7 
   0   117  1.73  10.2 
   0   113  1.64  10.5 
   0   112  1.84  10.6 
   0   116  1.85  10.3 
   0   118  1.61  10.1 
   0   115  1.55  10.4 
   0   119  1.60  10.0 
   0   116  1.58  10.3 
   0   113  1.51  10.4 
   0   112  1.74  10.5 
   0   113  1.73  10.6 
   0   122  1.55   9.8 
   0   109  1.77  10.8 
   0   115  1.73  10.3 
   0   113  1.71  10.5 
   0   117  1.59  10.2 
   0   108  1.73  10.9 
   0   106  1.66  11.2 
   0   118  1.50  10.1 
   0   107  1.89  11.1 
   0   110  1.62  10.7 
   0   114  1.71  10.4 
   0   107  1.56  11.1 
   0   116  1.58  10.3 
   0   107  1.89  11.1 
   0   118  1.46  10.1 
   0   105  1.94  11.3 
   0   111  1.64  10.7 
   0   108  1.88  10.9 
   0   115  1.55  10.3 
   0   112  1.55  10.6 
   0   113  1.67  10.5 
   0   111  1.58  10.6 
   0   112  1.74  10.6 
   0   111  1.68  10.7 
   0   114  1.63  10.5 
   0   109  1.73  10.9 
   0   125  1.37   9.5 
   0   120  1.55   9.9 
   0   119  1.52   9.9 
   0   121  1.49   9.8 
   0   105  1.59  11.3 
   0   122  1.49   9.7 
   0   131  1.25   9.1 
   0   116  1.44  10.3 
   0   121  1.28   9.8 
   0   123  1.36   9.6 
   0   119  1.37  10.1 
   0   119  1.20  10.0 
   0   114  1.37  10.3 
   0   111  1.34  10.7 
   0   112  1.25  10.6 
   0   117  1.28  10.1 
   0   119  1.15  10.0 
   0   114  1.30  10.4 
   0   124  1.18   9.6 
   0   122  1.10   9.8 
   0   121  1.20   9.8 
   0   117  1.22  10.1 
   0   124  1.03   9.6 
   0   113  1.30  10.6 
   0   125  1.14   9.5 
   0   114  1.29  10.4 
   0   129  1.12   9.3 
   0   132  1.11   8.9 
   0   133  1.08   9.0 
   0   118  1.26  10.1 
   0   126  1.10   9.5 
   0   129  1.15   9.2 
   0   126  1.15   9.4 
   0   127  1.02   9.4 
   0   141  0.91   8.4 
   0   124  1.12   9.6 
   0   129  0.94   9.2 
   0   136  0.85   8.7 
   0   132  0.92   9.0 
   0   122  1.01   9.7 
   0   128  0.91   9.3 
   0   130  0.94   9.1 
   0   129  0.92   9.3 
   0   123  1.02   9.6 
   0   131  0.90   9.1 
   0   126  0.91   9.3 
   0   135  0.82   8.8 
   0   144  0.72   8.2 
   0   131  0.93   9.1 
   0   143  0.76   8.4 
   0   135  0.84   8.7 
   0   128  0.84   9.3 
   0   154  0.69   7.7 
   0   142  0.75   8.4 
   0   136  0.88   8.8 
   0   154  0.84   7.6 
   0   179  0.77   6.7 
   0   186  0.82   6.4 
   0   189  0.84   6.3 
   0   181  0.84   6.6 
   0   199  0.78   6.0 
   0   183  0.87   6.5 
   0   188  0.81   6.3 
   0   204  0.74   5.9 
   0   198  0.84   6.0 
   0   207  0.77   5.8 
   0   183  0.85   6.5 
   0   218  0.77   5.5 
   0   201  0.90   5.9 
   0   210  0.92   5.7 
   0   224  1.05   5.3 
   0   237  1.05   5.0 
   0   228  1.09   5.3 
   0   222  1.04   5.4 
   0   216  1.00   5.5 
   0   230  0.92   5.2 
   0   225  0.88   5.3 
   0   214  0.86   5.6 
   0   193  0.92   6.2 
   0   197  0.93   6.1 
   0   220  0.84   5.4 
   0   230  0.81   5.2 
   0   222  0.84   5.4 
   0   212  0.82   5.7 
   0   216  0.81   5.5 
   0   217  0.76   5.5 
   0   215  0.80   5.5 
   0   221  0.76   5.4 
   0   196  0.83   6.1 
   0   202  0.76   5.9 
   0   210  0.74   5.7 
   0   135  0.76   6.2 
   0   190  0.67   6.2 
   0   177  0.73   6.7 
   0   196  0.69   6.1 
   0   190  0.71   6.3 
   0   197  0.71   6.0 
   0   205  0.75   5.8 
   0   188  0.86   6.3 
   0   194  0.82   6.1 
   0   219  0.72   5.5 
   0   206  0.83   5.8 
   0   220  0.76   5.4 
   0   232  0.71   5.1 
   0   220  0.72   5.4 
   0   210  0.72   5.7 
   0   216  0.74   5.5 
   0   223  0.68   5.4 
   0   231  0.65   5.2 
   0   234  0.66   5.1 
   0   229  0.69   5.2 
   0   228  0.69   5.2 
   0   232  0.57   5.2 
   0   221  0.62   5.4 
   0   235  0.60   5.1 
   0   227  0.59   5.3 
   0   227  0.58   5.2 
   0   224  0.59   5.3 
   0   217  0.58   5.5 
   0   225  0.57   5.3 
   0   233  0.54   5.1 
   0   213  0.58   5.6 
   0   230  0.55   5.2 
   0   229  0.56   5.2 
   0   223  0.58   5.3 
   0   209  0.62   5.7 
   0   224  0.58   5.3 
   0   221  0.56   5.4 
   0   207  0.62   5.8 
   0   215  0.60   5.6 
   0   220  0.59   5.4 
   0   206  0.63   5.8 
   0   231  0.57   5.2 
   0   231  0.55   5.2 
   0   227  0.56   5.2 
   0   232  0.56   5.2 
   0   227  0.54   5.3 
   0   216  0.54   5.5 
   0   232  0.52   5.1 
   0   205  0.58   5.8 
   0   226  0.59   5.3 
   0   152  0.59   5.5 
   0   236  0.56   5.1 
   0   230  0.59   5.2 
   0   213  0.61   5.6 
   0   236  0.58   5.0 
   0   227  0.63   5.3 
   0   234  0.63   5.1 
   0   254  0.58   4.7 
   0   232  0.63   5.2 
   0   245  0.61   4.9 
   0   240  0.66   5.0 
   0   230  0.65   5.2 
   0   250  0.63   4.8 
   0   260  0.62   4.6 
   0   248  0.69   4.8 
   0   243  0.67   4.9 
   0   257  0.63   4.7 
   0   249  0.65   4.8 
   0   242  0.66   4.9 
   0   259  0.63   4.6 
   0   265  0.63   4.5 
   0   269  0.64   4.4 
   0   274  0.66   4.4 
   0   262  0.71   4.6 
   0   263  0.74   4.5 
   0   277  0.68   4.3 
   0   279  0.67   4.3 
   0   266  0.72   4.5 
   0   259  0.70   4.6 
   0   282  0.69   4.2 
   0   283  0.68   4.2 
   0   280  0.71   4.3 
   0   275  0.67   4.4 
   0   261  0.68   4.6 
   0   252  0.70   4.7 
   0   262  0.65   4.6 
   0   241  0.74   5.0 
   0   242  0.69   4.9 
   0   244  0.70   4.9 
   0   254  0.70   4.7 
   0   238  0.66   5.0 
   0   233  0.65   5.1 
   0   255  0.55   4.6 
   0   233  0.58   5.1 
   0   224  0.56   5.3 
   0   229  0.56   5.2 
   0   215  0.55   5.5 
   0   219  0.56   5.5 
   0   207  0.55   5.8 
   0   208  0.50   5.7 
   0   200  0.52   6.0 
   0   197  0.53   6.1 
   0   197  0.52   6.1 
   0   194  0.52   6.1 
   0   189  0.54   6.3 
   0   195  0.46   6.1 
   0   187  0.50   6.3 
   0   184  0.50   6.5 
   0   185  0.48   6.5 
   0   187  0.47   6.4 
   0   177  0.50   6.8 
   0   175  0.49   6.8 
   0   187  0.47   6.4 
   0   190  0.45   6.3 
   0   198  0.41   6.0 
   0   188  0.44   6.4 
   0   196  0.41   6.1 
   0   196  0.41   6.1 
   0   189  0.42   6.3 
   0   187  0.43   6.4 
   0   190  0.40   6.3 
   0   192  0.42   6.2 
   0   182  0.42   6.5 
   0   200  0.36   6.0 
   0   179  0.43   6.6 
   0   190  0.40   6.3 
   0   181  0.43   6.5 
   0   189  0.38   6.3 
   0   181  0.43   6.6 
   0   196  0.41   6.1 
   0   182  0.40   6.6 
   0   170  0.42   7.0 
   0   187  0.38   6.3 
   0   166  0.37   7.1 
   0   169  0.40   7.1 
   0   166  0.39   7.2 
   0   167  0.40   7.1 
   0   163  0.40   7.3 
   0   166  0.40   7.1 
   0   186  0.36   6.4 
   0   189  0.35   6.3 
   0   183  0.37   6.5 
   0   178  0.36   6.7 
   0   167  0.38   7.2 
   0   175  0.36   6.8 
   0   163  0.38   7.2 
   0   177  0.35   6.7 
   0   173  0.36   6.9 
   0   164  0.38   7.3 
   0   174  0.38   6.9 
   0   181  0.34   6.6 
   0   178  0.32   6.7 
   0   169  0.34   7.1 
   0   167  0.35   7.1 
   0   157  0.36   7.6 
   0   159  0.39   7.4 
   0   164  0.36   7.2 
   0   175  0.34   6.8 
   0   161  0.35   7.4 
   0   166  0.37   7.1 
   0   174  0.36   6.9 
   0   165  0.36   7.2 
   0   177  0.31   6.7 
   0   163  0.35   7.3 
   0   161  0.35   7.4 
   0   160  0.34   7.4 
   0   164  0.34   7.2 
   0   160  0.35   7.4 
   0   161  0.36   7.4 
   0   161  0.35   7.3 
   0   158  0.39   7.6 
   0   149  0.40   7.9 
   0   157  0.43   7.6 
   0   157  0.44   7.5 
   0   164  0.45   7.3 
   0   173  0.46   6.9 
   0   167  0.47   7.2 
   0   184  0.43   6.5 
   0   161  0.49   7.4 
   0   180  0.46   6.6 
   0   180  0.46   6.6 
   0   192  0.43   6.2 
   0   187  0.44   6.3 
   0   210  0.45   5.7 
   0   186  0.46   6.4 
   0   192  0.44   6.2 
   0   193  0.46   6.2 
   0   192  0.46   6.2 
   0   173  0.49   6.9 
   0   169  0.51   7.1 
   0   182  0.50   6.6 
   0   184  0.51   6.5 
   0   167  0.54   6.8 
9999  9999 99.99 999.9 
   0   182  0.44   6.5 
   0   168  0.47   7.1 
   0   174  0.48   6.9 
   0   153  0.51   7.8 
   0   168  0.48   7.1 
   0   183  0.47   6.5 
   0   164  0.50   7.3 
   0   167  0.49   7.1 
   0   157  0.48   7.5 
   0   163  0.48   7.3 
   0   155  0.50   7.7 
   0   157  0.49   7.6 
   0   170  0.44   7.1 
   0   155  0.50   7.7 
   0   183  0.41   6.5 
   0   157  0.47   7.6 
   0   185  0.40   6.4 
   0   186  0.40   6.4 
   0   177  0.42   6.7 
   0   176  0.45   6.8 
   0   197  0.41   6.1 
   0   183  0.42   6.5 
   0   185  0.41   6.4 
   0   180  0.45   6.7 
   0   183  0.44   6.5 
   0   195  0.40   6.1 
   0   200  0.38   6.0 
   0   200  0.40   6.0 
   0   180  0.41   6.6 
   0   203  0.35   5.8 
   0   180  0.41   6.7 
   0   176  0.42   6.8 
   0   176  0.40   6.7 
   0   195  0.36   6.1 
   0   175  0.41   6.8 
   0   193  0.38   6.1 
   0   189  0.37   6.3 
   0   187  0.39   6.4 
   0   186  0.38   6.4 
   0   175  0.41   6.8 
   0   177  0.38   6.8 
   0   172  0.40   6.9 
   0   172  0.38   7.0 
   0   161  0.40   7.4 
   0   179  0.36   6.7 
   0   157  0.40   7.6 
   0   185  0.33   6.4 
   0   188  0.35   6.4 
   0   177  0.32   6.7 
   0   176  0.34   6.8 
   0   162  0.36   7.3 
   0   153  0.37   7.7 
   0   159  0.34   7.5 
   0   160  0.35   7.5 
   0   155  0.35   7.7 
   0   168  0.32   7.1 
   0   166  0.32   7.2 
   0   169  0.31   7.0 
   0   152  0.35   7.8 
   0   173  0.30   6.9 
   0   159  0.32   7.5 
   0   164  0.33   7.3 
   0   191  0.32   6.2 
   0   179  0.32   6.7 
   0   173  0.32   6.9 
   0   182  0.34   6.6 
   0   189  0.35   6.3 
   0   196  0.34   6.1 
   0   202  0.32   5.9 
   0   200  0.34   5.9 
   0   253  0.33   4.6 
   0   308  0.42   3.5 
   0   293  0.47   4.1 
   0   288  0.48   4.1 
   0   297  0.53   4.0 
   0   293  0.54   4.1 
   0   302  0.57   4.0 
   0   282  0.60   4.2 
   0   293  0.56   4.1 
   0   275  0.55   4.3 
   0   262  0.55   4.6 
   0   268  0.53   4.5 
   0   259  0.54   4.6 
   0   247  0.60   4.8 
   0   252  0.59   4.7 
   0   249  0.55   4.8 
   0   248  0.58   4.8 
   0   229  0.61   5.2 
   0   235  0.62   5.1 
   0   245  0.64   4.8 
   0   234  0.68   5.1 
   0   235  0.67   5.1 
   0   234  0.71   5.1 
   0   230  0.72   5.2 
   0   229  0.73   5.2 
   0   235  0.69   5.1 
   0   220  0.74   5.4 
   0   229  0.69   5.2 
   0   209  0.73   5.7 
   0   229  0.70   5.2 
   0   221  0.70   5.4 
   0   228  0.64   5.2 
   0   221  0.65   5.4 
   0   206  0.71   5.8 
   0   218  0.61   5.5 
   0   214  0.63   5.6 
   0   211  0.61   5.6 
   0   214  0.61   5.6 
   0   247  0.56   4.8 
   0   217  0.58   5.5 
   0   234  0.55   5.1 
   0   282  0.71   4.2 
   0   269  0.82   4.4 
   0   271  0.84   4.4 
   0   260  0.84   4.6 
   0   265  0.82   4.5 
   0   256  0.83   4.7 
   0   257  0.79   4.7 
   0   250  0.84   4.8 
   0   243  0.91   4.9 
   0   236  0.93   5.1 
   0   235  0.97   5.1 
   0   223  1.04   5.4 
   0   230  0.98   5.2 
   0   229  1.11   5.2 
   0   234  1.02   5.1 
   0   240  0.97   5.0 
   0   233  1.02   5.1 
   0   232  1.07   5.1 
   0   241  0.98   5.0 
   0   228  1.04   5.2 
   0   223  0.95   5.3 
   0   229  0.87   5.2 
   0   234  0.84   5.1 
   0   228  0.86   5.2 
   0   234  0.82   5.1 
   0   216  0.83   5.5 
   0   230  0.76   5.2 
   0   200  0.94   6.0 
   0   212  0.81   5.6 
   0   210  0.77   5.7 
   0   212  0.78   5.6 
   0   211  0.79   5.7 
   0   229  0.74   5.2 
   0   232  0.76   5.1 
   0   216  0.79   5.5 
   0   198  0.80   6.0 
   0   221  0.74   5.4 
   0   218  0.73   5.4 
   0   236  0.69   5.1 
   0   240  0.64   5.0 
   0   234  0.67   5.1 
   0   229  0.64   5.2 
   0   209  0.75   5.7 
   0   258  0.62   4.6 
   0   272  0.64   4.4 
   0   258  0.69   4.6 
   0   233  0.68   5.1 
   0   261  0.63   4.6 
   0   251  0.66   4.7 
   0   250  0.62   4.8 
   0   240  0.60   5.0 
   0   294  0.57   4.1 
   0   280  0.62   4.3 
   0   270  0.59   4.4 
   0   251  0.60   4.8 
   0   258  0.60   4.6 
   0   275  0.58   4.3 
   0   260  0.62   4.6 
   0   279  0.59   4.3 
   0   279  0.56   4.3 
   0   252  0.55   4.7 
   0   260  0.50   4.6 
   0   232  0.51   5.2 
   0   247  0.49   4.8 
   0   246  0.47   4.8 
   0   209  0.50   5.7 
   0   220  0.45   5.4 
   0   208  0.49   5.8 
   0   213  0.42   5.6 
   0   195  0.47   6.1 
   0   220  0.43   5.4 
   0   226  0.41   5.3 
   0   205  0.41   5.8 
   0   209  0.40   5.7 
   0   216  0.41   5.5 
   0   198  0.41   6.0 
   0   202  0.41   5.9 
   0   192  0.44   6.2 
   0   192  0.44   6.2 
   0   198  0.40   6.0 
   0   209  0.39   5.7 
   0   214  0.37   5.6 
   0   203  0.36   5.9 
   0   218  0.34   5.5 
   0   228  0.36   5.2 
   0   215  0.39   5.5 
   0   235  0.35   5.1 
   0   221  0.35   5.4 
   0   228  0.33   5.2 
   0   209  0.37   5.7 
   0   211  0.35   5.7 
   0   196  0.38   6.1 
   0   192  0.38   6.2 
   0   200  0.36   6.0 
   0   184  0.37   6.5 
   0   189  0.35   6.3 
   0   189  0.37   6.3 
   0   192  0.35   6.2 
   0   180  0.38   6.6 
   0   161  0.39   7.4 
   0   168  0.37   7.1 
   0   164  0.39   7.3 
   0   164  0.40   7.3 
   0   163  0.41   7.3 
   0   168  0.39   7.1 
   0   179  0.40   6.6 
   0   176  0.41   6.8 
   0   178  0.40   6.7 
   0   183  0.37   6.5 
   0   188  0.36   6.4 
   0   181  0.36   6.6 
   0   169  0.37   7.1 
   0   172  0.38   6.9 
   0   168  0.42   7.1 
   0   164  0.43   7.3 
   0   179  0.38   6.7 
   0   177  0.42   6.8 
   0   193  0.36   6.2 
   0   175  0.39   6.8 
   0   172  0.41   6.9 
   0   181  0.35   6.6 
   0   174  0.36   6.8 
   0   191  0.31   6.2 
   0   177  0.34   6.8 
   0   189  0.32   6.3 
   0   189  0.31   6.3 
   0   180  0.35   6.6 
   0   170  0.33   6.9 
   0   178  0.34   6.7 
   0   179  0.33   6.7 
   0   194  0.33   6.2 
   0   173  0.36   6.9 
   0   174  0.34   6.8 
   0   155  0.38   7.7 
   0   174  0.35   6.8 
   0   163  0.39   7.3 
   0   165  0.38   7.2 
   0   179  0.35   6.7 
   0   170  0.40   7.0 
   0   178  0.38   6.7 
   0   169  0.43   7.1 
   0   178  0.41   6.7 
   0   175  0.44   6.8 
   0   180  0.41   6.6 
   0   202  0.38   5.9 
   0   185  0.47   6.4 
   0   187  0.42   6.4 
   0   205  0.41   5.8 
   0   197  0.43   6.0 
   0   178  0.46   6.7 
   0   194  0.43   6.2 
   0   189  0.43   6.3 
   0   190  0.44   6.3 
   0   187  0.43   6.4 
   0   189  0.42   6.3 
   0   178  0.46   6.7 
   0   181  0.48   6.6 
   0   190  0.45   6.3 
   0   199  0.46   6.0 
   0   211  0.46   5.7 
   0   208  0.46   5.7 
   0   195  0.45   6.1 
   0   210  0.43   5.7 
   0   195  0.48   6.1 
   0   200  0.48   5.9 
   0   210  0.45   5.7 
   0   190  0.48   6.2 
   0   217  0.47   5.5 
   0   204  0.48   5.8 
   0   195  0.52   6.1 
   0   221  0.46   5.4 
   0   194  0.49   6.1 
   0   198  0.48   6.0 
   0   209  0.49   5.7 
   0   213  0.52   5.6 
   0   210  0.52   5.7 
   0   218  0.49   5.5 
   0   203  0.52   5.9 
   0   187  0.56   6.4 
   0   203  0.52   5.9 
   0   201  0.49   5.9 
   0   204  0.49   5.9 
   0   178  0.54   6.7 
   0   193  0.48   6.2 
   0   186  0.49   6.4 
   0   192  0.47   6.2 
   0   185  0.47   6.5 
   0   188  0.47   6.4 
   0   186  0.49   6.4 
   0   180  0.47   6.6 
   0   181  0.49   6.5 
   0   174  0.55   6.8 
   0   180  0.53   6.6 
   0   168  0.55   7.1 
   0   165  0.56   7.2 
   0   177  0.53   6.7 
   0   168  0.58   7.1 
   0   162  0.58   7.3 
   0   169  0.53   7.0 
   0   168  0.52   7.0 
   0   151  0.59   7.9 
   0   167  0.53   7.0 
   0   157  0.53   7.6 
   0   153  0.57   7.8 
   0   145  0.62   8.2 
   0   145  0.59   8.1 
   0   141  0.58   8.3 
   0   158  0.55   7.5 
   0   181  0.45   6.6 
   0   171  0.47   7.0 
   0   154  0.51   7.7 
   0   163  0.49   7.3 
   0   141  0.57   8.4 
   0   152  0.51   7.8 
   0   155  0.48   7.7 
   0   143  0.54   8.3 
   0   159  0.46   7.5 
   0   150  0.49   7.9 
   0   145  0.48   8.2 
   0   159  0.46   7.5 
   0   167  0.47   7.1 
   0   161  0.49   7.4 
   0   173  0.47   6.9 
   0   167  0.47   7.2 
   0   172  0.49   7.0 
   0   175  0.51   6.8 
   0   187  0.45   6.4 
   0   175  0.46   6.8 
   0   170  0.48   7.0 
   0   167  0.50   7.1 
   0   182  0.45   6.5 
   0   194  0.43   6.2 
   0   194  0.42   6.2 
   0   192  0.45   6.2 
   0   189  0.49   6.3 
   0   180  0.47   6.6 
   0   200  0.43   5.9 
   0   195  0.45   6.1 
   0   197  0.45   6.1 
   0   194  0.46   6.1 
   0   227  0.37   5.3 
   0   200  0.39   5.9 
   0   196  0.38   6.1 
   0   166  0.47   7.2 
   0   184  0.44   6.5 
   0   179  0.42   6.7 
   0   186  0.39   6.4 
   0   186  0.40   6.4 
   0   184  0.39   6.5 
   0   198  0.36   6.0 
   0   181  0.39   6.6 
   0   177  0.39   6.8 
   0   187  0.38   6.4 
   0   174  0.37   6.9 
   0   176  0.38   6.8 
   0   174  0.36   6.9 
   0   169  0.35   7.1 
   0   166  0.36   7.2 
   0   191  0.31   6.3 
   0   168  0.33   7.1 
   0   168  0.34   7.1 
   0   177  0.32   6.7 
   0   194  0.30   6.1 
   0   160  0.35   7.4 
   0   173  0.33   6.9 
   0   186  0.28   6.4 
   0   173  0.32   6.8 
   0   168  0.32   7.1 
   0   172  0.33   6.9 
   0   191  0.31   6.2 
   0   179  0.34   6.7 
   0   188  0.35   6.3 
   0   184  0.35   6.5 
   0   197  0.34   6.1 
   0   192  0.34   6.2 
   0   188  0.36   6.3 
   0   200  0.34   6.0 
   0   201  0.30   5.9 
   0   193  0.32   6.2 
   0   187  0.31   6.4 
   0   175  0.32   6.8 
   0   171  0.33   7.0 
   0   173  0.32   6.9 
   0   173  0.31   6.9 
   0   156  0.34   7.6 
   0   165  0.31   7.2 
   0   159  0.32   7.5 
   0   167  0.30   7.1 
   0   178  0.28   6.7 
   0   166  0.31   7.2 
   0   183  0.30   6.5 
   0   187  0.29   6.3 
   0   179  0.30   6.7 
   0   189  0.29   6.3 
   0   191  0.28   6.3 
   0   157  0.32   7.6 
   0   173  0.29   6.9 
   0   162  0.29   7.4 
   0   164  0.31   7.3 
   0   176  0.30   6.8 
   0   183  0.31   6.5 
   0   185  0.27   6.4 
   0   164  0.30   7.3 
   0   181  0.29   6.6 
   0   187  0.27   6.4 
   0   183  0.29   6.5 
   0   166  0.33   7.2 
   0   194  0.29   6.1 
   0   171  0.33   7.0 
   0   188  0.32   6.3 
   0   193  0.30   6.2 
   0   241  0.29   4.9 
   0   297  0.35   4.0 
   0   313  0.41   3.8 
   0   302  0.48   3.9 
   0   311  0.48   3.8 
   0   298  0.56   4.0 
   0   301  0.60   4.0 
   0   286  0.67   4.2 
   0   263  0.82   4.5 
   0   258  0.89   4.6 
   0   264  0.81   4.5 
   0   266  0.80   4.5 
   0   263  0.72   4.5 
   0   270  0.71   4.4 
   0   267  0.69   4.5 
   0   272  0.67   4.4 
   0   266  0.66   4.5 
   0   260  0.65   4.6 
   0   271  0.59   4.4 
   0   271  0.56   4.4 
   0   266  0.58   4.5 
   0   247  0.62   4.8 
   0   243  0.64   4.9 
   0   243  0.56   4.9 
   0   238  0.56   5.0 
   0   227  0.60   5.2 
   0   238  0.58   5.0 
   0   222  0.63   5.4 
   0   218  0.66   5.5 
   0   223  0.63   5.4 
   0   220  0.65   5.4 
   0   243  0.55   4.9 
   0   236  0.58   5.1 
   0   230  0.61   5.2 
   0   220  0.66   5.4 
   0   237  0.69   5.0 
   0   248  0.70   4.8 
   0   247  0.72   4.8 
   0   254  0.79   4.7 
   0   251  0.79   4.8 
   0   273  0.74   4.4 
   0   255  0.73   4.7 
   0   261  0.74   4.6 
   0   261  0.74   4.6 
   0   264  0.75   4.5 
   0   262  0.76   4.5 
   0   270  0.74   4.4 
   0   279  0.72   4.3 
   0   273  0.71   4.4 
   0   266  0.70   4.5 
   0   262  0.75   4.6 
   0   265  0.77   4.5 
   0   254  0.72   4.7 
   0   245  0.73   4.9 
   0   251  0.75   4.8 
   0   253  0.74   4.7 
   0   252  0.74   4.7 
   0   263  0.69   4.5 
   0   253  0.77   4.7 
   0   241  0.73   4.9 
   0   272  0.67   4.4 
   0   256  0.69   4.7 
   0   240  0.77   5.0 
   0   246  0.79   4.9 
   0   247  0.73   4.8 
   0   262  0.69   4.6 
   0   267  0.67   4.5 
   0   263  0.69   4.5 
   0   238  0.76   5.0 
   0   253  0.72   4.7 
   0   233  0.74   5.1 
   0   234  0.72   5.1 
   0   245  0.71   4.9 
   0   236  0.72   5.1 
   0   240  0.68   5.0 
   0   234  0.69   5.1 
   0   226  0.73   5.3 
   0   218  0.78   5.5 
   0   236  0.68   5.0 
   0   231  0.69   5.2 
   0   207  0.75   5.7 
   0   227  0.68   5.3 
   0   200  0.71   5.9 
   0   201  0.75   5.9 
   0   190  0.79   6.3 
   0   203  0.77   5.9 
   0   202  0.76   5.9 
   0   183  0.85   6.5 
   0   196  0.76   6.1 
   0   188  0.82   6.3 
   0   188  0.81   6.4 
   0   183  0.82   6.5 
   0   181  0.84   6.6 
   0   184  0.79   6.5 
   0   190  0.78   6.3 
   0   182  0.76   6.5 
   0   181  0.73   6.6 
   0   181  0.72   6.6 
   0   186  0.67   6.4 
   0   184  0.65   6.5 
   0   196  0.62   6.1 
   0   195  0.60   6.1 
   0   184  0.67   6.5 
   0   189  0.64   6.3 
   0   179  0.63   6.7 
   0   174  0.63   6.9 
   0   179  0.59   6.7 
   0   186  0.56   6.4 
   0   178  0.60   6.7 
   0   182  0.61   6.6 
   0   188  0.55   6.4 
   0   172  0.60   7.0 
   0   174  0.57   6.8 
   0   183  0.54   6.5 
   0   167  0.58   7.2 
   0   176  0.54   6.8 
   0   178  0.56   6.7 
   0   173  0.57   6.9 
   0   164  0.62   7.3 
   0   183  0.53   6.5 
   0   171  0.58   6.9 
   0   186  0.55   6.4 
   0   181  0.58   6.6 
   0   206  0.52   5.8 
   0   191  0.63   6.2 
   0   196  0.58   6.1 
   0   181  0.57   6.6 
   0   196  0.56   6.1 
   0   181  0.59   6.6 
   0   202  0.59   5.9 
   0   198  0.59   6.0 
   0   190  0.57   6.3 
   0   197  0.54   6.0 
   0   197  0.53   6.1 
   0   200  0.50   6.0 
   0   217  0.47   5.5 
   0   207  0.47   5.8 
   0   191  0.49   6.3 
   0   198  0.51   6.0 
   0   209  0.47   5.7 
   0   213  0.49   5.6 
   0   188  0.51   6.3 
   0   197  0.47   6.1 
   0   225  0.43   5.3 
   0   210  0.45   5.7 
   0   222  0.43   5.4 
   0   195  0.47   6.1 
   0   227  0.40   5.3 
   0   194  0.48   6.1 
   0   217  0.43   5.5 
   0   203  0.46   5.8 
   0   220  0.40   5.4 
   0   211  0.41   5.6 
   0   192  0.45   6.2 
   0   195  0.46   6.1 
   0   201  0.43   6.0 
   0   216  0.42   5.5 
   0   227  0.41   5.3 
   0   213  0.48   5.6 
   0   230  0.52   5.2 
   0   237  0.53   5.0 
   0   245  0.55   4.9 
   0   241  0.57   4.9 
   0   222  0.58   5.4 
   0   236  0.57   5.0 
   0   225  0.58   5.3 
   0   229  0.56   5.2 
   0   219  0.61   5.5 
   0   220  0.59   5.4 
   0   211  0.62   5.7 
9999  9999 99.99 999.9 
   0   224  0.54   5.3 
   0   199  0.61   6.0 
   0   213  0.57   5.6 
   0   204  0.57   5.9 
   0   200  0.61   5.9 
   0   195  0.59   6.1 
   0   195  0.58   6.1 
   0   211  0.56   5.6 
   0   204  0.59   5.9 
   0   197  0.62   6.0 
   0   202  0.62   5.9 
   0   190  0.60   6.3 
   0   182  0.65   6.6 
   0   197  0.59   6.0 
   0   183  0.61   6.5 
   0   170  0.67   7.0 
   0   176  0.61   6.8 
   0   196  0.53   6.1 
   0   186  0.56   6.4 
   0   163  0.66   7.3 
   0   173  0.62   6.9 
   0   169  0.62   7.0 
   0   172  0.59   6.9 
   0   163  0.66   7.3 
   0   162  0.69   7.3 
   0   187  0.62   6.4 
   0   164  0.68   7.3 
   0   155  0.69   7.7 
   0   172  0.61   6.9 
   0   166  0.66   7.2 
   0   166  0.66   7.2 
   0   170  0.62   7.0 
   0   164  0.67   7.3 
   0   169  0.61   7.1 
   0   167  0.62   7.1 
   0   157  0.67   7.6 
   0   164  0.61   7.2 
   0   157  0.62   7.6 
   0   164  0.58   7.2 
   0   159  0.56   7.5 
   0   181  0.52   6.6 
   0   174  0.53   6.8 
   0   167  0.52   7.2 
   0   171  0.48   7.0 
   0   163  0.52   7.3 
   0   187  0.42   6.4 
   0   174  0.47   6.8 
   0   164  0.49   7.3 
   0   174  0.47   6.8 
   0   178  0.43   6.7 
   0   162  0.45   7.4 
   0   167  0.42   7.1 
   0   167  0.42   7.2 
   0   168  0.40   7.0 
   0   167  0.41   7.2 
   0   148  0.46   8.1 
   0   147  0.47   8.1 
   0   149  0.49   8.0 
   0   153  0.45   7.8 
   0   140  0.50   8.4 
   0   157  0.43   7.6 
   0   156  0.42   7.6 
   0   151  0.49   7.9 
   0   148  0.48   8.0 
   0   155  0.49   7.7 
   0   158  0.45   7.5 
   0   202  0.41   5.9 
   0   194  0.53   6.2 
   0   261  0.50   4.6 
   0   264  0.59   4.5 
   0   266  0.77   4.5 
   0   252  1.00   4.7 
   0   259  1.06   4.6 
   0   228  1.16   5.2 
   0   237  1.21   5.0 
   0   235  1.24   5.1 
   0   238  1.14   5.0 
   0   230  1.26   5.2 
   0   243  1.32   4.9 
   0   226  1.42   5.3 
   0   232  1.33   5.2 
   0   229  1.31   5.2 
   0   237  1.31   5.0 
   0   225  1.30   5.3 
   0   229  1.31   5.2 
   0   225  1.29   5.3 
   0   220  1.32   5.4 
   0   231  1.31   5.2 
   0   214  1.40   5.6 
   0   224  1.31   5.3 
   0   215  1.34   5.5 
   0   213  1.37   5.6 
   0   200  1.45   5.9 
   0   224  1.22   5.3 
   0   220  1.30   5.4 
   0   205  1.28   5.8 
   0   215  1.27   5.5 
   0   214  1.22   5.6 
   0   205  1.26   5.8 
   0   222  1.19   5.4 
   0   221  1.16   5.4 
   0   213  1.19   5.6 
   0   216  1.16   5.5 
   0   228  1.05   5.2 
   0   212  1.07   5.6 
   0   215  1.06   5.6 
   0   221  1.03   5.4 
   0   208  1.17   5.7 
   0   213  1.12   5.6 
   0   210  1.05   5.7 
   0   207  0.99   5.8 
   0   200  1.08   6.0 
   0   210  1.00   5.7 
   0   203  0.99   5.9 
   0   204  1.01   5.8 
   0   203  1.02   5.8 
   0   200  1.03   6.0 
   0   198  1.00   6.0 
   0   201  1.00   5.9 
   0   193  1.04   6.2 
   0   209  0.87   5.7 
   0   190  0.96   6.3 
   0   187  0.89   6.3 
   0   197  0.81   6.0 
   0   189  0.83   6.3 
   0   180  0.82   6.6 
   0   186  0.72   6.4 
   0   182  0.73   6.5 
   0   199  0.67   6.0 
   0   205  0.66   5.8 
   0   217  0.70   5.5 
   0   210  0.69   5.7 
   0   224  0.63   5.3 
   0   221  0.64   5.4 
   0   242  0.64   4.9 
   0   230  0.70   5.2 
   0   264  0.70   4.5 
   0   261  0.68   4.6 
   0   235  0.75   5.1 
   0   233  0.71   5.1 
   0   260  0.68   4.6 
   0   255  0.67   4.7 
   0   243  0.67   4.9 
   0   258  0.64   4.6 
   0   281  0.63   4.3 
   0   255  0.71   4.7 
   0   238  0.73   5.0 
   0   252  0.67   4.8 
   0   254  0.60   4.7 
   0   243  0.60   4.9 
   0   236  0.61   5.1 
   0   252  0.59   4.7 
   0   249  0.62   4.8 
   0   238  0.68   5.0 
   0   235  0.67   5.1 
   0   241  0.64   5.0 
   0   258  0.63   4.6 
   0   264  0.62   4.5 
   0   258  0.71   4.6 
   0   259  0.70   4.6 
   0   261  0.69   4.6 
   0   260  0.72   4.6 
   0   257  0.74   4.6 
   0   259  0.82   4.6 
   0   276  0.80   4.3 
   0   257  0.87   4.6 
   0   267  0.75   4.5 
   0   279  0.66   4.3 
   0   283  0.62   4.2 
   0   294  0.55   4.0 
   0   291  0.52   4.1 
   0   310  0.53   3.9 
   0   302  0.49   3.9 
   0   322  0.47   3.7 
   0   298  0.43   4.0 
   0   316  0.40   3.8 
   0   355  0.44   3.4 
   0   329  0.43   3.6 
   0   320  0.41   3.7 
   0   314  0.38   3.8 
   0   300  0.36   4.0 
   0   277  0.36   4.3 
   0   273  0.36   4.4 
   0   293  0.34   4.1 
   0   290  0.37   4.1 
   0   297  0.36   4.0 
   0   295  0.33   4.1 
   0   269  0.36   4.4 
   0   246  0.37   4.8 
   0   256  0.39   4.7 
   0   265  0.38   4.5 
   0   250  0.40   4.8 
   0   268  0.39   4.5 
   0   264  0.38   4.5 
   0   242  0.41   4.9 
   0   235  0.41   5.1 
   0   247  0.37   4.8 
   0   243  0.39   4.9 
   0   244  0.36   4.9 
   0   251  0.34   4.7 
   0   249  0.32   4.8 
   0   245  0.32   4.9 
   0   263  0.30   4.5 
   0   242  0.32   4.9 
   0   274  0.31   4.4 
   0   307  0.34   3.9 
   0   287  0.29   4.2 
   0   297  0.30   4.0 
   0   311  0.32   3.8 
   0   331  0.32   3.6 
   0   325  0.36   3.7 
   0   314  0.36   3.8 
   0   296  0.38   4.0 
   0   314  0.37   3.8 
   0   302  0.35   4.0 
   0   292  0.36   4.1 
   0   263  0.39   4.5 
   0   250  0.40   4.8 
   0   248  0.40   4.8 
   0   205  0.47   5.8 
   0   183  0.49   6.5 
   0   180  0.53   6.6 
   0   170  0.52   7.0 
   0   166  0.51   7.2 
   0   163  0.53   7.3 
   0   176  0.46   6.7 
   0   160  0.53   7.5 
   0   158  0.56   7.6 
   0   157  0.50   7.6 
   0   162  0.52   7.4 
   0   147  0.57   8.1 
   0   166  0.47   7.2 
   0   168  0.48   7.0 
   0   190  0.43   6.3 
   0   185  0.47   6.4 
   0   194  0.48   6.1 
   0   183  0.53   6.5 
   0   229  0.42   5.2 
   0   221  0.48   5.4 
   0   236  0.46   5.1 
   0   220  0.49   5.4 
   0   238  0.47   5.0 
   0   232  0.50   5.1 
   0   227  0.50   5.2 
   0   220  0.52   5.4 
   0   240  0.46   5.0 
   0   227  0.54   5.3 
   0   239  0.58   5.0 
   0   259  0.59   4.6 
   0   286  0.61   4.2 
   0   278  0.64   4.3 
   0   272  0.66   4.4 
   0   279  0.63   4.3 
   0   277  0.63   4.3 
   0   276  0.63   4.3 
   0   260  0.68   4.6 
   0   263  0.65   4.5 
   0   261  0.60   4.6 
   0   278  0.60   4.3 
   0   259  0.63   4.6 
   0   270  0.65   4.4 
   0   256  0.60   4.7 
   0   264  0.61   4.5 
   0   265  0.55   4.5 
   0   273  0.55   4.4 
   0   253  0.57   4.7 
   0   263  0.54   4.5 
   0   253  0.59   4.7 
   0   256  0.59   4.7 
   0   253  0.59   4.7 
   0   251  0.62   4.8 
   0   240  0.59   5.0 
   0   252  0.54   4.7 
   0   254  0.55   4.7 
   0   253  0.54   4.7 
   0   256  0.57   4.7 
   0   254  0.55   4.7 
   0   250  0.58   4.8 
   0   258  0.56   4.6 
   0   261  0.56   4.6 
   0   251  0.53   4.8 
   0   256  0.50   4.6 
   0   254  0.49   4.7 
   0   249  0.47   4.8 
   0   241  0.46   5.0 
   0   223  0.47   5.3 
   0   218  0.49   5.5 
   0   235  0.45   5.1 
   0   222  0.45   5.4 
   0   230  0.43   5.2 
   0   230  0.44   5.2 
   0   212  0.46   5.6 
   0   214  0.47   5.6 
   0   211  0.44   5.6 
   0   205  0.47   5.8 
   0   190  0.49   6.2 
   0   198  0.50   6.1 
   0   207  0.48   5.8 
   0   181  0.58   6.6 
   0   200  0.49   6.0 
   0   210  0.46   5.7 
   0   187  0.57   6.4 
   0   207  0.52   5.8 
   0   195  0.55   6.1 
   0   197  0.56   6.1 
   0   202  0.49   5.9 
   0   198  0.54   6.0 
   0   202  0.50   5.9 
   0   197  0.55   6.0 
   0   194  0.51   6.1 
   0   205  0.51   5.8 
   0   205  0.49   5.8 
   0   212  0.48   5.6 
   0   204  0.47   5.9 
   0   208  0.50   5.7 
   0   221  0.49   5.4 
   0   223  0.49   5.3 
   0   222  0.53   5.4 
   0   241  0.48   5.0 
   0   226  0.48   5.3 
   0   230  0.48   5.2 
   0   239  0.49   5.0 
   0   218  0.51   5.5 
   0   219  0.50   5.5 
   0   232  0.49   5.1 
   0   221  0.51   5.4 
   0   211  0.50   5.7 
   0   203  0.57   5.8 
   0   216  0.55   5.5 
   0   211  0.56   5.6 
   0   221  0.53   5.4 
   0   210  0.52   5.7 
   0   223  0.53   5.3 
   0   209  0.55   5.7 
   0   206  0.56   5.8 
   0   217  0.53   5.5 
   0   219  0.54   5.5 
   0   220  0.53   5.4 
   0   212  0.52   5.6 
   0   206  0.54   5.8 
   0   215  0.52   5.5 
   0   203  0.54   5.9 
   0   203  0.51   5.9 
   0   205  0.54   5.8 
   0   215  0.49   5.5 
   0   208  0.52   5.7 
   0   201  0.52   5.9 
   0   203  0.51   5.9 
   0   191  0.54   6.3 
   0   201  0.49   5.9 
   0   191  0.46   6.2 
   0   204  0.46   5.9 
   0   184  0.50   6.4 
   0   191  0.47   6.2 
   0   220  0.44   5.4 
   0   221  0.46   5.4 
   0   201  0.44   5.9 
   0   195  0.44   6.1 
   0   168  0.47   7.1 
   0   171  0.46   7.0 
   0   161  0.49   7.4 
   0   174  0.43   6.8 
   0   166  0.45   7.2 
   0   179  0.45   6.7 
   0   157  0.50   7.6 
   0   142  0.53   8.4 
   0   144  0.52   8.3 
   0   146  0.51   8.1 
   0   144  0.50   8.3 
   0   151  0.51   7.9 
   0   164  0.48   7.2 
   0   145  0.52   8.2 
   0   160  0.47   7.5 
   0   143  0.53   8.3 
   0   155  0.50   7.7 
   0   153  0.52   7.8 
   0   149  0.52   8.0 
   0   150  0.49   8.0 
   0   154  0.45   7.7 
   0   152  0.47   7.8 
   0   148  0.49   8.0 
   0   152  0.46   7.9 
   0   148  0.44   8.0 
   0   148  0.42   8.0 
   0   159  0.39   7.5 
   0   143  0.44   8.3 
   0   178  0.35   6.7 
   0   151  0.37   7.9 
   0   132  0.46   9.1 
   0   146  0.38   8.2 
   0   148  0.38   8.0 
   0   150  0.37   7.9 
   0   140  0.42   8.5 
   0   148  0.36   8.1 
   0   152  0.37   7.8 
   0   176  0.31   6.8 
   0   158  0.33   7.5 
   0   167  0.32   7.1 
   0   153  0.37   7.7 
   0   175  0.33   6.8 
   0   164  0.34   7.2 
   0   175  0.30   6.8 
   0   162  0.31   7.4 
   0   173  0.31   6.9 
   0   169  0.31   7.1 
   0   193  0.29   6.2 
   0   189  0.31   6.3 
   0   206  0.32   5.8 
   0   199  0.30   5.7 
   0   195  0.32   6.0 
   0   194  0.34   6.1 
   0   201  0.32   5.9 
   0   185  0.30   5.7 
   0   187  0.32   6.3 
   0   192  0.32   6.2 
   0   178  0.35   6.7 
   0   181  0.33   6.6 
   0   197  0.33   6.0 
   0   194  0.31   6.1 
   0   220  0.30   5.4 
   0   220  0.29   5.4 
   0   190  0.30   6.3 
   0   196  0.31   6.1 
   0   225  0.29   5.3 
   0   230  0.28   5.2 
   0   217  0.31   5.5 
   0   233  0.28   5.1 
   0   236  0.31   5.0 
   0   203  0.35   5.9 
   0   216  0.33   5.5 
   0   212  0.31   5.6 
   0   212  0.29   5.6 
   0   203  0.33   5.8 
   0   208  0.33   5.7 
   0   194  0.33   6.1 
   0   237  0.32   5.0 
   0   238  0.35   5.0 
   0   272  0.33   4.4 
   0   272  0.37   4.4 
   0   286  0.37   4.2 
   0   290  0.36   4.1 
   0   264  0.43   4.5 
   0   263  0.47   4.6 
   0   282  0.49   4.2 
   0   264  0.57   4.5 
   0   272  0.60   4.4 
   0   260  0.66   4.6 
   0   277  0.56   4.3 
   0   272  0.61   4.4 
   0   264  0.60   4.5 
   0   267  0.59   4.5 
   0   254  0.62   4.7 
   0   259  0.63   4.6 
   0   250  0.67   4.8 
   0   253  0.69   4.7 
   0   260  0.69   4.6 
   0   243  0.83   4.9 
   0   253  0.81   4.7 
   0   246  0.83   4.9 
   0   246  0.79   4.9 
   0   256  0.79   4.7 
   0   250  0.76   4.8 
   0   256  0.74   4.7 
   0   252  0.80   4.7 
   0   257  0.86   4.7 
   0   266  0.80   4.5 
   0   267  0.87   4.5 
   0   272  0.89   4.4 
   0   265  0.84   4.5 
   0   263  0.83   4.5 
   0   264  0.84   4.5 
   0   260  0.80   4.6 
   0   258  0.76   4.6 
   0   253  0.78   4.7 
   0   255  0.75   4.7 
   0   249  0.80   4.8 
   0   259  0.82   4.6 
   0   259  0.88   4.6 
   0   259  0.87   4.6 
   0   265  0.85   4.5 
   0   268  0.89   4.5 
   0   272  0.86   4.4 
   0   264  0.93   4.5 
   0   263  0.90   4.6 
   0   258  0.93   4.6 
   0   236  1.01   5.0 
   0   255  0.93   4.7 
   0   249  0.92   4.8 
   0   239  0.92   5.0 
   0   229  1.00   5.2 
   0   228  0.91   5.2 
   0   230  0.93   5.2 
   0   224  0.99   5.3 
   0   219  0.92   5.4 
   0   223  0.93   5.4 
   0   215  0.90   5.5 
   0   216  0.93   5.5 
   0   216  0.96   5.5 
   0   232  0.85   5.2 
   0   217  0.92   5.5 
   0   221  0.88   5.4 
   0   204  0.86   5.8 
   0   204  0.93   5.9 
   0   229  0.82   5.2 
   0   217  0.90   5.5 
   0   205  0.91   5.8 
   0   201  0.89   5.9 
   0   209  0.90   5.7 
   0   215  0.89   5.5 
   0   222  0.93   5.4 
   0   236  0.83   5.0 
   0   225  0.92   5.3 
   0   230  0.91   5.2 
   0   241  0.92   5.0 
   0   235  0.90   5.1 
   0   228  0.93   5.2 
   0   246  0.88   4.8 
   0   247  0.90   4.8 
   0   244  0.85   4.9 
   0   232  0.87   5.2 
   0   218  0.94   5.5 
   0   239  0.87   5.0 
   0   227  0.84   5.2 
   0   230  0.84   5.2 
   0   228  0.85   5.2 
   0   227  0.84   5.2 
   0   237  0.79   5.0 
   0   227  0.82   5.2 
   0   235  0.73   5.1 
   0   234  0.73   5.1 
