                       
   0   252  0.67   4.8 
   0   238  0.74   5.0 
   0   238  0.75   5.0 
   0   230  0.82   5.2 
   0   241  0.69   5.0 
   0   243  0.63   4.9 
   0   254  0.63   4.7 
   0   244  0.63   4.9 
   0   259  0.56   4.6 
   0   263  0.54   4.5 
   0   273  0.53   4.4 
   0   270  0.51   4.4 
   0   274  0.50   4.4 
   0   281  0.46   4.2 
   0   281  0.45   4.3 
   0   276  0.45   4.3 
   0   280  0.49   4.3 
   0   290  0.46   4.1 
   0   271  0.48   4.4 
   0   277  0.45   4.3 
   0   291  0.43   4.1 
   0   269  0.47   4.5 
   0   259  0.48   4.6 
   0   267  0.48   4.5 
   0   269  0.47   4.4 
   0   279  0.49   4.3 
   0   300  0.48   4.0 
   0   287  0.49   4.2 
   0   282  0.51   4.2 
   0   288  0.51   4.1 
   0   275  0.47   4.3 
   0   268  0.46   4.5 
   0   266  0.43   4.5 
   0   255  0.44   4.7 
   0   264  0.43   4.5 
   0   269  0.41   4.5 
   0   282  0.37   4.2 
   0   268  0.38   4.5 
   0   268  0.38   4.5 
   0   256  0.38   4.7 
   0   266  0.39   4.5 
   0   273  0.37   4.4 
   0   297  0.35   4.0 
   0   289  0.34   4.1 
   0   272  0.35   4.4 
   0   280  0.36   4.3 
   0   277  0.33   4.3 
   0   285  0.28   4.2 
   0   301  0.26   4.0 
   0   277  0.29   4.3 
   0   278  0.26   4.3 
   0   325  0.27   3.7 
   0   320  0.30   3.7 
   0   302  0.25   4.0 
   0   293  0.24   4.1 
   0   287  0.25   4.2 
   0   287  0.26   4.2 
   0   291  0.25   4.1 
   0   281  0.25   4.3 
   0   281  0.25   4.2 
   0   293  0.24   4.1 
   0   283  0.24   4.2 
   0   288  0.23   4.1 
   0   299  0.21   4.0 
   0   300  0.21   4.0 
   0   289  0.23   4.1 
   0   308  0.21   3.9 
   0   308  0.22   3.9 
   0   289  0.25   4.1 
   0   291  0.25   4.1 
   0   293  0.26   4.1 
   0   282  0.28   4.2 
   0   308  0.27   3.9 
   0   290  0.27   4.1 
   0   301  0.26   4.0 
   0   300  0.29   4.0 
   0   291  0.27   4.1 
   0   304  0.27   3.9 
   0   309  0.25   3.9 
   0   290  0.26   4.1 
   0   285  0.27   4.2 
   0   295  0.27   4.0 
   0   303  0.26   4.0 
   0   291  0.26   4.1 
   0   306  0.24   3.9 
   0   308  0.25   3.9 
   0   301  0.24   4.0 
   0   311  0.23   3.8 
   0   323  0.22   3.7 
   0   316  0.23   3.8 
   0   329  0.23   3.6 
   0   334  0.22   3.6 
   0   332  0.24   3.6 
   0   322  0.23   3.7 
   0   314  0.23   3.8 
   0   332  0.19   3.6 
   0   332  0.20   3.6 
   0   340  0.20   3.5 
   0   339  0.19   3.5 
   0   339  0.17   3.5 
   0   358  0.17   3.3 
   0   358  0.18   3.3 
   0   364  0.17   3.3 
   0   352  0.17   3.4 
   0   363  0.16   3.3 
   0   346  0.16   3.5 
   0   362  0.16   3.3 
   0   371  0.15   3.2 
   0   372  0.14   3.2 
   0   356  0.14   3.4 
   0   344  0.14   3.5 
   0   328  0.14   3.6 
   0   302  0.16   4.0 
   0   320  0.16   3.7 
   0   308  0.19   3.9 
   0   296  0.22   4.0 
   0   298  0.23   4.0 
   0   303  0.23   3.9 
   0   317  0.24   3.8 
   0   301  0.28   4.0 
   0   310  0.30   3.9 
   0   329  0.36   3.6 
   0   327  0.49   3.6 
   0   312  0.57   3.8 
   0   297  0.72   4.0 
   0   279  0.77   4.3 
   0   264  0.83   4.5 
   0   269  0.85   4.4 
   0   281  0.75   4.3 
   0   279  0.70   4.3 
   0   281  0.73   4.2 
   0   279  0.72   4.3 
   0   283  0.70   4.2 
   0   272  0.69   4.4 
   0   288  0.67   4.1 
   0   302  0.61   4.0 
   0   276  0.67   4.3 
   0   301  0.58   4.0 
   0   290  0.67   4.1 
   0   291  0.69   4.1 
   0   280  0.71   4.3 
   0   288  0.69   4.1 
   0   289  0.72   4.1 
   0   278  0.73   4.3 
   0   277  0.79   4.3 
   0   281  0.75   4.2 
   0   288  0.70   4.1 
9999  9999 99.99 999.9 
   0   264  0.74   4.5 
   0   272  0.77   4.4 
   0   284  0.74   4.2 
   0   286  0.70   4.2 
   0   266  0.75   4.5 
   0   276  0.72   4.3 
   0   270  0.70   4.4 
   0   255  0.72   4.7 
   0   279  0.65   4.3 
   0   283  0.67   4.2 
   0   286  0.63   4.2 
   0   277  0.65   4.3 
   0   288  0.62   4.1 
   0   287  0.65   4.2 
   0   292  0.62   4.1 
   0   278  0.68   4.3 
   0   270  0.72   4.4 
   0   296  0.64   4.0 
   0   283  0.69   4.2 
   0   305  0.66   3.9 
   0   299  0.64   4.0 
   0   293  0.66   4.1 
   0   306  0.67   3.9 
   0   291  0.76   4.1 
   0   288  0.75   4.2 
   0   291  0.71   4.1 
   0   296  0.70   4.0 
   0   293  0.75   4.1 
   0   279  0.85   4.3 
   0   281  0.84   4.3 
   0   288  0.77   4.1 
   0   272  0.87   4.4 
   0   277  0.80   4.3 
   0   272  0.83   4.4 
   0   273  0.79   4.4 
   0   284  0.75   4.2 
   0   283  0.69   4.2 
   0   283  0.76   4.2 
   0   276  0.77   4.3 
   0   265  0.76   4.5 
   0   270  0.77   4.4 
   0   274  0.78   4.4 
   0   276  0.71   4.3 
   0   268  0.76   4.5 
   0   248  0.82   4.8 
   0   272  0.73   4.4 
   0   259  0.77   4.6 
   0   247  0.84   4.8 
   0   239  0.81   5.0 
   0   234  0.88   5.1 
   0   245  0.73   4.9 
   0   247  0.69   4.8 
   0   247  0.70   4.9 
   0   233  0.73   5.1 
   0   241  0.66   4.9 
   0   250  0.63   4.8 
   0   249  0.62   4.8 
   0   251  0.59   4.8 
   0   260  0.61   4.6 
   0   262  0.65   4.6 
   0   263  0.70   4.5 
   0   278  0.63   4.3 
   0   278  0.61   4.3 
   0   275  0.62   4.3 
   0   277  0.64   4.3 
   0   279  0.68   4.3 
   0   276  0.70   4.3 
   0   282  0.77   4.2 
   0   290  0.80   4.1 
   0   283  0.75   4.2 
   0   281  0.76   4.3 
   0   279  0.74   4.3 
   0   285  0.77   4.2 
   0   289  0.80   4.1 
   0   274  0.87   4.4 
   0   280  0.80   4.3 
   0   269  0.90   4.5 
   0   252  0.97   4.7 
   0   228  1.16   5.2 
   0   217  1.29   5.5 
   0   199  1.38   6.0 
   0   196  1.62   6.1 
   0   204  1.48   5.8 
   0   199  1.47   6.0 
   0   205  1.48   5.8 
   0   212  1.27   5.6 
   0   211  1.19   5.6 
   0   205  1.25   5.8 
   0   211  1.10   5.7 
   0   218  1.03   5.5 
   0   229  0.93   5.2 
   0   224  0.89   5.3 
   0   233  0.86   5.1 
   0   238  0.82   5.0 
   0   244  0.80   4.9 
   0   242  0.82   4.9 
   0   240  0.77   5.0 
   0   250  0.78   4.8 
   0   246  0.85   4.8 
   0   240  0.82   5.0 
   0   260  0.90   4.6 
   0   254  0.91   4.7 
   0   239  0.96   5.0 
   0   242  0.91   4.9 
   0   165  1.01   5.0 
   0   220  1.00   4.9 
   0   238  1.00   5.0 
   0   235  0.95   5.1 
   0   231  0.96   5.2 
   0   229  0.88   5.2 
   0   233  0.91   5.1 
   0   232  0.86   5.1 
   0   246  0.79   4.8 
   0   243  0.75   4.9 
   0   228  0.78   5.2 
   0   233  0.70   5.1 
   0   244  0.69   4.9 
   0   241  0.64   5.0 
   0   228  0.76   5.2 
   0   233  0.66   5.1 
   0   231  0.66   5.2 
   0   210  0.67   5.7 
   0   231  0.61   5.2 
   0   221  0.61   5.4 
   0   223  0.62   5.3 
   0   225  0.60   5.3 
   0   230  0.59   5.2 
   0   240  0.59   5.0 
   0   232  0.56   5.2 
   0   231  0.57   5.2 
   0   244  0.58   4.9 
   0   239  0.59   5.0 
   0   233  0.64   5.1 
   0   239  0.63   5.0 
   0   239  0.61   5.0 
   0   240  0.63   5.0 
   0   240  0.63   5.0 
   0   240  0.64   5.0 
   0   222  0.66   5.4 
   0   219  0.71   5.4 
   0   226  0.66   5.3 
   0   212  0.73   5.6 
   0   211  0.69   5.7 
   0   223  0.64   5.4 
   0   222  0.62   5.4 
   0   235  0.59   5.1 
   0   239  0.59   5.0 
   0   255  0.57   4.7 
   0   269  0.53   4.4 
   0   262  0.57   4.6 
   0   269  0.56   4.4 
   0   268  0.56   4.5 
   0   268  0.53   4.5 
   0   263  0.55   4.5 
   0   254  0.55   4.7 
   0   262  0.49   4.6 
   0   266  0.42   4.5 
   0   270  0.40   4.4 
   0   257  0.43   4.7 
   0   253  0.41   4.7 
   0   256  0.38   4.6 
   0   241  0.41   5.0 
   0   265  0.36   4.5 
   0   241  0.42   5.0 
   0   240  0.41   5.0 
   0   260  0.35   4.6 
   0   250  0.38   4.8 
   0   251  0.35   4.8 
   0   260  0.35   4.6 
   0   270  0.34   4.4 
   0   263  0.33   4.5 
   0   257  0.36   4.6 
   0   269  0.35   4.4 
   0   233  0.40   5.1 
   0   246  0.41   4.8 
   0   274  0.36   4.4 
   0   255  0.40   4.7 
   0   228  0.50   5.2 
   0   228  0.48   5.2 
   0   238  0.46   5.0 
   0   246  0.42   4.9 
   0   235  0.49   5.1 
   0   245  0.45   4.9 
   0   235  0.50   5.1 
   0   249  0.47   4.8 
   0   245  0.49   4.9 
   0   227  0.50   5.3 
   0   238  0.47   5.0 
   0   243  0.47   4.9 
   0   250  0.44   4.8 
   0   243  0.45   4.9 
   0   252  0.40   4.7 
   0   248  0.41   4.8 
   0   243  0.42   4.9 
   0   251  0.37   4.8 
   0   230  0.44   5.2 
   0   229  0.43   5.2 
   0   252  0.40   4.7 
   0   249  0.37   4.8 
   0   233  0.42   5.1 
   0   249  0.36   4.8 
   0   250  0.35   4.8 
   0   248  0.34   4.8 
   0   242  0.37   4.9 
   0   250  0.37   4.8 
   0   265  0.32   4.5 
   0   249  0.34   4.8 
   0   258  0.31   4.6 
   0   260  0.30   4.6 
   0   256  0.31   4.7 
   0   254  0.32   4.7 
   0   257  0.30   4.7 
   0   265  0.29   4.5 
   0   284  0.27   4.2 
   0   266  0.28   4.5 
   0   272  0.25   4.4 
   0   262  0.25   4.5 
   0   268  0.26   4.5 
   0   262  0.26   4.6 
   0   280  0.24   4.3 
   0   277  0.23   4.3 
   0   289  0.22   4.1 
   0   286  0.23   4.2 
   0   280  0.23   4.3 
   0   285  0.23   4.2 
   0   296  0.21   4.0 
   0   293  0.20   4.1 
   0   287  0.21   4.2 
   0   310  0.19   3.9 
   0   302  0.20   4.0 
   0   307  0.20   3.9 
   0   311  0.20   3.8 
   0   319  0.20   3.8 
   0   326  0.20   3.7 
   0   331  0.20   3.6 
   0   332  0.21   3.6 
   0   344  0.23   3.5 
   0   334  0.23   3.6 
   0   332  0.24   3.6 
   0   341  0.27   3.5 
   0   340  0.31   3.5 
   0   337  0.34   3.5 
   0   316  0.38   3.8 
   0   322  0.38   3.7 
   0   321  0.36   3.7 
   0   315  0.40   3.8 
   0   323  0.38   3.7 
   0   325  0.37   3.7 
   0   316  0.41   3.8 
   0   332  0.43   3.6 
   0   316  0.48   3.8 
   0   312  0.52   3.8 
   0   311  0.56   3.8 
   0   285  0.66   4.2 
   0   300  0.63   4.0 
   0   287  0.69   4.2 
   0   284  0.71   4.2 
   0   276  0.79   4.3 
   0   260  0.79   4.6 
   0   248  0.80   4.8 
   0   269  0.74   4.5 
   0   255  0.74   4.7 
   0   267  0.70   4.5 
   0   264  0.71   4.5 
   0   263  0.70   4.5 
   0   260  0.68   4.6 
   0   258  0.73   4.6 
   0   261  0.72   4.6 
   0   277  0.64   4.3 
   0   270  0.67   4.4 
   0   271  0.67   4.4 
   0   259  0.75   4.6 
   0   267  0.69   4.5 
   0   259  0.74   4.6 
   0   252  0.74   4.7 
   0   262  0.69   4.6 
   0   265  0.68   4.5 
   0   258  0.70   4.6 
   0   263  0.71   4.5 
   0   247  0.75   4.8 
   0   262  0.67   4.6 
   0   255  0.69   4.7 
   0   252  0.68   4.7 
   0   252  0.65   4.7 
   0   247  0.65   4.8 
   0   238  0.68   5.0 
   0   244  0.64   4.9 
   0   243  0.60   4.9 
   0   257  0.56   4.6 
   0   262  0.51   4.6 
   0   265  0.49   4.5 
   0   251  0.50   4.7 
   0   267  0.48   4.5 
   0   255  0.50   4.7 
   0   258  0.46   4.6 
   0   261  0.46   4.6 
   0   262  0.42   4.6 
   0   290  0.34   4.1 
   0   291  0.34   4.1 
   0   285  0.34   4.2 
   0   291  0.30   4.1 
   0   310  0.30   3.9 
   0   328  0.34   3.6 
   0   310  0.30   3.8 
   0   302  0.30   4.0 
   0   297  0.31   4.0 
   0   295  0.31   4.0 
   0   303  0.33   3.9 
   0   335  0.32   3.6 
   0   326  0.33   3.7 
   0   314  0.31   3.8 
   0   292  0.34   4.1 
   0   293  0.36   4.1 
   0   286  0.40   4.2 
   0   278  0.41   4.3 
   0   268  0.46   4.4 
   0   271  0.42   4.4 
   0   254  0.46   4.7 
   0   252  0.44   4.7 
   0   252  0.45   4.7 
   0   284  0.39   4.2 
   0   249  0.43   4.8 
   0   266  0.38   4.5 
   0   242  0.41   5.0 
   0   249  0.38   4.8 
   0   256  0.37   4.7 
   0   243  0.41   4.9 
   0   254  0.38   4.7 
   0   272  0.36   4.4 
   0   273  0.34   4.4 
   0   276  0.37   4.3 
   0   268  0.38   4.4 
   0   267  0.36   4.5 
   0   257  0.37   4.7 
   0   269  0.37   4.4 
   0   274  0.33   4.4 
   0   270  0.35   4.4 
   0   273  0.31   4.4 
   0   295  0.31   4.1 
   0   280  0.32   4.3 
   0   264  0.34   4.5 
   0   289  0.30   4.1 
   0   273  0.32   4.4 
   0   302  0.27   3.9 
   0   309  0.26   3.9 
   0   299  0.26   4.0 
   0   319  0.25   3.7 
   0   303  0.26   4.0 
   0   329  0.23   3.6 
   0   320  0.25   3.7 
   0   323  0.24   3.7 
   0   325  0.22   3.7 
   0   344  0.20   3.5 
   0   323  0.20   3.7 
   0   328  0.20   3.6 
   0   321  0.22   3.7 
   0   338  0.19   3.5 
   0   349  0.19   3.4 
   0   358  0.18   3.3 
   0   366  0.17   3.3 
   0   352  0.17   3.4 
   0   368  0.17   3.3 
   0   369  0.17   3.2 
   0   372  0.17   3.2 
   0   353  0.17   3.4 
   0   362  0.17   3.3 
   0   365  0.17   3.3 
   0   356  0.17   3.4 
   0   369  0.17   3.2 
   0   356  0.17   3.4 
   0   350  0.16   3.4 
   0   366  0.15   3.3 
   0   367  0.15   3.3 
   0   366  0.15   3.3 
   0   364  0.14   3.3 
   0   415  0.15   2.9 
   0   397  0.16   3.0 
   0   413  0.15   2.9 
   0   379  0.15   3.2 
   0   413  0.16   2.9 
   0   392  0.16   3.0 
   0   411  0.19   2.9 
   0   416  0.18   2.9 
   0   405  0.17   3.0 
   0   409  0.17   2.9 
   0   391  0.17   3.1 
   0   383  0.17   3.1 
   0   402  0.18   3.0 
   0   359  0.19   3.3 
   0   386  0.19   3.1 
   0   389  0.19   3.1 
   0   386  0.22   3.1 
   0   404  0.21   3.0 
   0   395  0.23   3.0 
   0   393  0.25   3.0 
   0   403  0.25   3.0 
   0   392  0.26   3.1 
   0   396  0.26   3.0 
   0   376  0.30   3.2 
   0   384  0.33   3.1 
   0   352  0.39   3.4 
   0   341  0.45   3.5 
   0   339  0.45   3.5 
   0   323  0.47   3.7 
   0   324  0.47   3.7 
   0   313  0.48   3.8 
   0   310  0.49   3.9 
   0   313  0.51   3.8 
   0   305  0.52   3.9 
   0   316  0.49   3.8 
   0   299  0.54   4.0 
   0   314  0.49   3.8 
   0   299  0.53   4.0 
   0   311  0.51   3.9 
   0   310  0.50   3.8 
   0   297  0.53   4.0 
   0   307  0.53   3.9 
   0   297  0.58   4.0 
   0   294  0.60   4.1 
   0   296  0.57   4.0 
   0   285  0.62   4.2 
   0   275  0.66   4.3 
   0   277  0.63   4.3 
   0   275  0.63   4.3 
   0   276  0.64   4.3 
   0   270  0.68   4.4 
   0   262  0.71   4.6 
   0   274  0.65   4.4 
   0   257  0.72   4.6 
   0   269  0.67   4.4 
   0   262  0.68   4.6 
   0   279  0.62   4.3 
   0   275  0.60   4.4 
   0   268  0.64   4.5 
   0   265  0.64   4.5 
   0   267  0.66   4.5 
   0   264  0.70   4.5 
   0   264  0.68   4.5 
   0   261  0.67   4.6 
   0   257  0.67   4.6 
   0   246  0.71   4.8 
   0   243  0.79   4.9 
   0   250  0.70   4.8 
   0   243  0.72   4.9 
   0   254  0.70   4.7 
   0   246  0.73   4.9 
   0   247  0.66   4.8 
   0   241  0.69   5.0 
   0   248  0.63   4.8 
   0   245  0.62   4.9 
   0   267  0.56   4.5 
   0   251  0.56   4.7 
   0   262  0.51   4.6 
   0   263  0.52   4.5 
   0   260  0.52   4.6 
   0   266  0.52   4.5 
   0   265  0.52   4.5 
   0   268  0.53   4.5 
   0   261  0.54   4.6 
   0   273  0.53   4.4 
   0   275  0.51   4.3 
   0   257  0.57   4.7 
   0   266  0.57   4.5 
   0   275  0.53   4.3 
   0   279  0.52   4.3 
   0   290  0.52   4.1 
   0   287  0.49   4.2 
   0   286  0.50   4.2 
   0   308  0.45   3.9 
   0   303  0.46   3.9 
   0   294  0.46   4.1 
   0   288  0.48   4.2 
   0   298  0.45   4.0 
   0   295  0.47   4.1 
   0   287  0.47   4.2 
   0   280  0.47   4.3 
   0   282  0.45   4.2 
   0   287  0.44   4.2 
   0   275  0.45   4.3 
   0   284  0.46   4.2 
   0   284  0.45   4.2 
   0   263  0.46   4.5 
   0   287  0.41   4.2 
   0   258  0.46   4.6 
   0   273  0.46   4.4 
   0   261  0.45   4.6 
   0   263  0.49   4.5 
   0   263  0.45   4.5 
   0   263  0.44   4.5 
   0   271  0.40   4.4 
   0   265  0.43   4.5 
   0   277  0.39   4.3 
   0   281  0.40   4.3 
   0   289  0.37   4.1 
   0   284  0.37   4.2 
   0   289  0.36   4.1 
   0   275  0.35   4.3 
   0   275  0.35   4.3 
   0   287  0.34   4.2 
   0   290  0.32   4.1 
   0   291  0.33   4.1 
   0   296  0.31   4.0 
   0   289  0.31   4.1 
   0   298  0.30   4.0 
   0   304  0.28   3.9 
   0   312  0.27   3.8 
   0   310  0.28   3.9 
   0   313  0.27   3.8 
   0   309  0.26   3.9 
   0   328  0.24   3.6 
   0   316  0.23   3.8 
   0   307  0.24   3.9 
   0   317  0.23   3.8 
   0   323  0.21   3.7 
   0   362  0.21   3.3 
   0   340  0.21   3.5 
   0   328  0.20   3.6 
   0   338  0.21   3.5 
   0   347  0.19   3.4 
   0   335  0.18   3.6 
   0   335  0.18   3.6 
   0   345  0.17   3.5 
   0   357  0.16   3.3 
   0   352  0.16   3.4 
   0   354  0.16   3.4 
   0   380  0.18   3.1 
   0   361  0.18   3.3 
   0   383  0.17   3.1 
   0   382  0.16   3.1 
   0   384  0.17   3.1 
   0   364  0.18   3.3 
   0   344  0.17   3.5 
   0   377  0.17   3.2 
   0   345  0.20   3.5 
   0   372  0.23   3.2 
   0   365  0.25   3.3 
   0   358  0.27   3.3 
   0   351  0.30   3.4 
   0   353  0.31   3.4 
   0   344  0.32   3.5 
   0   355  0.32   3.4 
   0   370  0.31   3.2 
   0   362  0.32   3.3 
   0   348  0.32   3.3 
   0   378  0.30   3.2 
   0   364  0.36   3.3 
   0   369  0.35   3.2 
   0   356  0.39   3.4 
   0   340  0.41   3.5 
   0   346  0.42   3.4 
   0   348  0.42   3.4 
   0   338  0.40   3.5 
   0   316  0.48   3.8 
   0   328  0.49   3.6 
   0   330  0.50   3.6 
   0   335  0.52   3.6 
   0   330  0.55   3.6 
   0   303  0.59   3.9 
   0   297  0.60   4.0 
   0   303  0.62   3.9 
   0   296  0.61   4.0 
   0   281  0.65   4.3 
   0   276  0.71   4.3 
   0   266  0.71   4.2 
   0   270  0.69   4.2 
   0   262  0.78   4.5 
   0   256  0.84   4.7 
   0   246  0.84   4.7 
   0   249  0.92   4.6 
   0   218  0.93   4.7 
   0   207  0.97   4.8 
   0   218  1.01   4.9 
   0   240  1.06   4.9 
   0   229  1.19   5.2 
   0   227  1.09   5.2 
   0   218  1.20   5.5 
   0   237  1.02   5.0 
   0   218  1.12   5.5 
   0   218  1.05   5.5 
   0   212  1.11   5.7 
   0   213  1.19   5.6 
   0   219  1.18   5.4 
   0   227  1.11   5.3 
   0   220  1.21   5.4 
   0   206  1.27   5.8 
   0   206  1.37   5.8 
   0   201  1.47   5.9 
   0   193  1.45   6.2 
   0   196  1.36   6.1 
   0   183  1.34   6.5 
   0   198  1.42   6.0 
   0   197  1.42   6.1 
   0   187  1.46   6.4 
   0   195  1.36   6.1 
   0   199  1.39   6.0 
   0   197  1.43   6.0 
   0   199  1.38   6.0 
   0   208  1.37   5.7 
   0   211  1.35   5.6 
   0   195  1.47   6.1 
   0   200  1.48   5.9 
   0   204  1.41   5.9 
   0   212  1.30   5.7 
   0   214  1.33   5.6 
   0   219  1.23   5.4 
   0   196  1.39   6.1 
   0   210  1.29   5.7 
   0   203  1.42   5.9 
   0   208  1.38   5.8 
   0   216  1.29   5.5 
   0   206  1.34   5.8 
   0   214  1.32   5.6 
   0   204  1.37   5.8 
   0   207  1.35   5.7 
   0   207  1.37   5.8 
   0   203  1.46   5.9 
   0   206  1.44   5.8 
   0   200  1.40   6.0 
   0   206  1.35   5.8 
   0   212  1.35   5.6 
   0   190  1.59   6.3 
   0   196  1.51   6.1 
   0   207  1.22   5.8 
   0   200  1.42   6.0 
   0   198  1.35   6.0 
   0   204  1.33   5.8 
   0   208  1.25   5.7 
   0   204  1.35   5.8 
   0   194  1.30   6.2 
   0   198  1.37   6.0 
   0   186  1.35   6.4 
   0   184  1.47   6.5 
   0   183  1.33   6.5 
   0   187  1.35   6.4 
   0   177  1.42   6.7 
   0   197  1.15   6.0 
   0   194  1.12   6.2 
   0   183  1.19   6.5 
   0   184  1.28   6.5 
   0   192  1.20   6.2 
   0   199  1.13   6.0 
   0   195  1.13   6.1 
   0   179  1.25   6.6 
   0   192  1.11   6.2 
   0   212  0.93   5.6 
   0   194  1.05   6.2 
   0   207  0.94   5.8 
   0   201  1.01   5.9 
   0   204  0.97   5.9 
   0   206  0.94   5.8 
   0   205  0.98   5.8 
   0   194  0.97   6.1 
   0   209  0.90   5.7 
   0   214  0.88   5.6 
   0   209  0.88   5.7 
   0   197  0.91   6.1 
   0   211  0.77   5.6 
   0   210  0.75   5.7 
   0   210  0.86   5.7 
   0   221  0.72   5.4 
   0   220  0.71   5.4 
   0   231  0.65   5.2 
   0   221  0.66   5.4 
   0   213  0.71   5.6 
   0   229  0.62   5.2 
   0   225  0.63   5.3 
   0   229  0.63   5.2 
   0   209  0.73   5.7 
   0   200  0.78   6.0 
   0   214  0.72   5.6 
   0   209  0.72   5.7 
   0   206  0.74   5.8 
   0   208  0.75   5.7 
   0   200  0.77   6.0 
   0   209  0.75   5.7 
   0   207  0.75   5.8 
   0   208  0.77   5.7 
   0   202  0.83   5.9 
   0   204  0.77   5.8 
   0   210  0.68   5.7 
   0   207  0.76   5.8 
   0   206  0.72   5.8 
   0   220  0.66   5.4 
   0   211  0.73   5.7 
   0   214  0.64   5.6 
   0   209  0.69   5.7 
   0   209  0.75   5.7 
   0   223  0.67   5.4 
   0   228  0.60   5.2 
   0   235  0.57   5.1 
   0   243  0.52   4.9 
   0   234  0.51   5.1 
   0   234  0.52   5.1 
   0   236  0.49   5.1 
   0   242  0.48   4.9 
   0   243  0.50   4.9 
   0   235  0.48   5.1 
   0   241  0.44   5.0 
   0   230  0.47   5.2 
   0   231  0.49   5.2 
   0   246  0.45   4.9 
   0   244  0.45   4.9 
   0   248  0.43   4.8 
   0   250  0.42   4.8 
   0   257  0.41   4.6 
   0   242  0.45   4.9 
   0   243  0.45   4.9 
   0   258  0.40   4.6 
   0   255  0.39   4.7 
   0   256  0.38   4.7 
   0   253  0.41   4.7 
   0   263  0.36   4.5 
   0   257  0.39   4.7 
   0   245  0.37   4.9 
   0   255  0.35   4.7 
   0   261  0.35   4.6 
   0   253  0.36   4.7 
   0   261  0.35   4.6 
   0   265  0.34   4.5 
   0   259  0.34   4.6 
   0   275  0.35   4.4 
   0   269  0.30   4.4 
   0   268  0.32   4.5 
   0   297  0.30   4.0 
   0   286  0.30   4.2 
   0   280  0.28   4.3 
   0   280  0.28   4.3 
   0   292  0.29   4.1 
   0   284  0.29   4.2 
   0   285  0.27   4.2 
   0   287  0.28   4.2 
   0   285  0.27   4.2 
   0   291  0.26   4.1 
   0   303  0.23   4.0 
   0   299  0.23   4.0 
   0   293  0.24   4.1 
   0   321  0.20   3.7 
   0   295  0.22   4.1 
   0   320  0.21   3.7 
   0   337  0.19   3.5 
   0   314  0.20   3.8 
   0   306  0.20   3.9 
   0   327  0.19   3.7 
   0   338  0.18   3.5 
   0   334  0.19   3.6 
   0   328  0.19   3.7 
   0   329  0.19   3.6 
   0   326  0.18   3.7 
   0   338  0.16   3.5 
   0   388  0.18   3.1 
   0   412  0.18   2.9 
   0   366  0.19   3.3 
   0   397  0.19   3.0 
   0   387  0.20   3.1 
   0   411  0.18   2.9 
   0   394  0.17   3.0 
   0   366  0.17   3.3 
   0   365  0.16   3.3 
   0   357  0.16   3.4 
   0   359  0.14   3.3 
   0   364  0.13   3.3 
   0   326  0.15   3.7 
   0   355  0.15   3.4 
   0   354  0.14   3.4 
   0   333  0.15   3.6 
   0   360  0.15   3.3 
   0   386  0.16   3.1 
   0   369  0.13   3.2 
   0   384  0.13   3.1 
   0   395  0.13   3.0 
   0   405  0.13   2.9 
   0   417  0.12   2.9 
   0   405  0.12   3.0 
   0   428  0.11   2.8 
   0   392  0.12   3.1 
   0   413  0.11   2.9 
   0   404  0.12   3.0 
   0   432  0.12   2.8 
   0   442  0.11   2.7 
   0   420  0.11   2.8 
   0   410  0.11   2.9 
   0   371  0.11   3.2 
   0   396  0.11   3.0 
   0   447  0.10   2.7 
   0   470  0.10   2.5 
   0   426  0.10   2.8 
   0   442  0.10   2.7 
   0   433  0.10   2.8 
   0   430  0.11   2.8 
   0   463  0.11   2.6 
   0   440  0.12   2.7 
   0   434  0.12   2.8 
   0   417  0.12   2.9 
   0   430  0.12   2.8 
   0   423  0.12   2.8 
   0   428  0.11   2.8 
   0   427  0.11   2.8 
   0   423  0.12   2.8 
   0   411  0.13   2.9 
   0   390  0.15   3.1 
   0   400  0.14   3.0 
   0   420  0.13   2.8 
   0   423  0.13   2.8 
   0   394  0.14   3.0 
   0   410  0.13   2.9 
   0   399  0.13   3.0 
   0   379  0.13   3.2 
   0   383  0.13   3.1 
   0   384  0.13   3.1 
   0   419  0.14   2.8 
   0   393  0.16   3.0 
   0   415  0.14   2.9 
   0   402  0.16   2.8 
9999  9999 99.99 999.9 
9999  9999 99.99 999.9 
9999  9999 99.99 999.9 
9999  9999 99.99 999.9 
9999  9999 99.99 999.9 
9999  9999 99.99 999.9 
9999  9999 99.99 999.9 
   0   401  0.26   2.9 
   0   416  0.27   2.9 
   0   404  0.27   3.0 
   0   385  0.25   3.1 
   0   403  0.22   3.0 
   0   383  0.21   3.1 
   0   405  0.19   3.0 
   0   408  0.17   2.9 
   0   422  0.20   2.8 
   0   410  0.22   2.9 
   0   452  0.22   2.7 
   0   440  0.18   2.7 
   0   441  0.14   2.7 
   0   423  0.14   2.8 
   0   426  0.16   2.8 
   0   406  0.19   2.9 
   0   375  0.21   3.2 
   0   350  0.23   3.4 
   0   357  0.20   3.4 
   0   362  0.18   3.3 
   0   350  0.17   3.4 
   0   363  0.17   3.3 
   0   375  0.15   3.2 
   0   356  0.16   3.4 
   0   384  0.15   3.1 
   0   388  0.16   3.1 
   0   406  0.18   3.0 
   0   389  0.24   3.1 
   0   395  0.23   3.0 
   0   391  0.22   3.1 
   0   400  0.21   3.0 
   0   392  0.24   3.1 
   0   379  0.24   3.2 
   0   360  0.22   3.3 
   0   367  0.24   3.2 
   0   359  0.29   3.3 
   0   336  0.30   3.6 
   0   325  0.33   3.7 
   0   315  0.36   3.8 
   0   314  0.34   3.8 
   0   302  0.37   4.0 
   0   318  0.39   3.8 
   0   327  0.48   3.7 
   0   330  0.53   3.6 
   0   307  0.52   3.9 
   0   304  0.52   3.9 
   0   287  0.74   4.2 
   0   272  0.81   4.4 
   0   271  0.80   4.4 
   0   253  1.03   4.7 
   0   254  0.95   4.7 
   0   227  1.13   5.3 
   0   210  1.26   5.7 
   0   217  1.15   5.5 
   0   216  1.07   5.5 
   0   212  1.06   5.6 
   0   210  0.99   5.7 
   0   228  0.91   5.2 
   0   207  1.00   5.8 
   0   226  0.90   5.3 
   0   218  0.84   5.5 
   0   231  0.85   5.2 
   0   242  0.77   4.9 
   0   230  0.84   5.2 
   0   241  0.81   5.0 
   0   253  0.78   4.7 
   0   244  0.82   4.9 
   0   260  0.81   4.6 
   0   260  0.77   4.6 
   0   245  0.91   4.9 
   0   247  0.85   4.8 
   0   244  0.89   4.9 
   0   261  0.80   4.6 
   0   247  0.96   4.8 
   0   245  0.99   4.9 
   0   256  0.90   4.7 
   0   230  1.06   5.2 
   0   246  1.00   4.9 
   0   228  1.03   5.3 
   0   241  0.95   4.9 
   0   232  0.94   5.1 
   0   239  0.96   5.0 
   0   255  0.87   4.7 
   0   229  1.14   5.2 
   0   233  1.12   5.1 
   0   226  1.20   5.3 
   0   226  1.15   5.3 
   0   227  1.13   5.3 
   0   218  1.17   5.5 
   0   207  1.39   5.8 
   0   216  1.25   5.5 
   0   198  1.35   6.0 
   0   192  1.48   6.2 
   0   204  1.24   5.8 
   0   193  1.31   6.2 
   0   198  1.40   6.0 
   0   195  1.51   6.1 
   0   193  1.34   6.2 
   0   199  1.26   6.0 
   0   207  1.25   5.8 
   0   198  1.33   6.0 
   0   200  1.35   5.9 
   0   206  1.21   5.8 
   0   204  1.20   5.9 
   0   211  1.12   5.7 
   0   211  1.13   5.7 
   0   214  1.05   5.6 
   0   213  1.15   5.6 
   0   214  1.03   5.6 
   0   203  1.17   5.9 
   0   206  1.10   5.8 
   0   199  1.14   6.0 
   0   188  1.16   6.3 
   0   190  1.15   6.3 
   0   194  1.07   6.2 
   0   197  1.01   6.1 
   0   188  1.06   6.3 
   0   201  0.99   5.9 
   0   193  0.94   6.2 
   0   177  1.09   6.8 
   0   187  1.00   6.4 
   0   199  0.87   6.0 
   0   189  0.91   6.3 
   0   177  0.99   6.8 
   0   203  0.79   5.9 
   0   197  0.79   6.0 
   0   209  0.71   5.7 
   0   200  0.75   6.0 
   0   198  0.73   6.0 
   0   210  0.63   5.7 
   0   203  0.68   5.9 
   0   215  0.64   5.5 
   0   195  0.64   6.1 
   0   197  0.61   6.1 
   0   200  0.61   6.0 
   0   219  0.55   5.5 
   0   212  0.54   5.6 
   0   211  0.55   5.7 
   0   218  0.51   5.5 
   0   224  0.51   5.3 
   0   217  0.51   5.5 
   0   209  0.55   5.7 
   0   212  0.46   5.6 
   0   222  0.48   5.4 
   0   219  0.49   5.4 
   0   215  0.47   5.6 
   0   216  0.49   5.5 
   0   246  0.45   4.9 
   0   224  0.45   5.3 
   0   234  0.44   5.1 
   0   241  0.48   5.0 
   0   246  0.48   4.8 
   0   258  0.48   4.6 
   0   259  0.42   4.6 
   0   261  0.45   4.6 
   0   260  0.43   4.6 
   0   254  0.42   4.7 
   0   253  0.41   4.7 
   0   268  0.38   4.5 
   0   262  0.39   4.6 
   0   257  0.39   4.6 
   0   295  0.36   4.0 
   0   318  0.34   3.8 
   0   308  0.37   3.9 
   0   313  0.40   3.8 
   0   318  0.37   3.8 
   0   289  0.38   4.1 
   0   284  0.39   4.2 
   0   282  0.39   4.2 
   0   292  0.43   4.1 
   0   298  0.47   4.0 
   0   313  0.48   3.8 
   0   300  0.48   4.0 
   0   307  0.46   3.9 
   0   327  0.42   3.7 
   0   319  0.50   3.8 
   0   329  0.55   3.6 
   0   337  0.67   3.5 
   0   304  0.76   3.9 
   0   272  0.93   4.4 
   0   254  1.12   4.7 
   0   240  1.28   5.0 
   0   234  1.31   5.1 
   0   221  1.40   5.4 
   0   208  1.50   5.7 
   0   215  1.65   5.6 
   0   192  1.74   6.2 
   0   217  1.38   5.5 
   0   199  1.58   6.0 
   0   202  1.59   5.9 
   0   197  1.46   6.0 
   0   187  1.61   6.4 
   0   186  1.64   6.4 
   0   202  1.35   5.9 
   0   194  1.41   6.1 
   0   191  1.43   6.2 
   0   206  1.32   5.8 
   0   211  1.36   5.7 
   0   213  1.43   5.6 
   0   209  1.48   5.7 
   0   216  1.55   5.5 
   0   209  1.58   5.7 
   0   210  1.59   5.7 
   0   215  1.67   5.5 
   0   205  1.75   5.8 
   0   201  1.81   5.9 
   0   195  1.88   6.1 
   0   193  1.87   6.2 
   0   188  1.96   6.4 
   0   194  1.91   6.1 
   0   210  1.79   5.7 
   0   196  1.96   6.1 
   0   179  2.12   6.7 
   0   172  2.30   6.9 
   0   185  2.24   6.5 
   0   177  2.28   6.7 
   0   182  2.37   6.6 
   0   184  2.37   6.5 
   0   194  2.01   6.2 
   0   190  2.14   6.3 
   0   181  2.30   6.6 
   0   183  2.16   6.5 
   0   182  2.14   6.6 
   0   175  2.35   6.8 
   0   194  1.96   6.2 
   0   171  2.35   7.0 
   0   191  2.02   6.2 
   0   180  2.21   6.6 
   0   183  2.21   6.5 
   0   192  2.00   6.2 
   0   173  2.38   6.9 
   0   188  2.00   6.4 
   0   188  2.06   6.3 
   0   181  2.12   6.6 
   0   195  1.91   6.1 
   0   182  1.95   6.6 
   0   185  2.07   6.4 
   0   188  1.84   6.3 
   0   192  2.00   6.2 
   0   192  1.77   6.2 
   0   195  1.64   6.1 
   0   184  1.90   6.5 
   0   200  1.67   6.0 
   0   196  1.71   6.1 
   0   191  1.67   6.2 
   0   181  1.87   6.6 
   0   193  1.73   6.2 
   0   198  1.67   6.0 
   0   204  1.63   5.8 
   0   185  1.58   6.4 
   0   192  1.78   6.2 
   0   196  1.83   6.1 
   0   196  1.66   6.1 
   0   204  1.58   5.9 
   0   196  1.55   6.1 
   0   205  1.55   5.8 
   0   212  1.49   5.6 
   0   193  1.60   6.2 
   0   213  1.50   5.6 
   0   210  1.46   5.7 
   0   209  1.59   5.7 
   0   199  1.68   6.0 
   0   211  1.51   5.7 
   0   205  1.50   5.8 
   0   196  1.61   6.1 
   0   197  1.58   6.0 
   0   199  1.51   6.0 
   0   191  1.65   6.3 
   0   195  1.53   6.1 
   0   205  1.44   5.8 
   0   202  1.44   5.6 
   0   212  1.35   5.6 
   0   213  1.38   5.6 
   0   192  1.53   6.2 
   0   211  1.34   5.7 
   0   218  1.29   5.5 
   0   212  1.40   5.6 
   0   215  1.41   5.6 
   0   208  1.45   5.7 
   0   205  1.34   5.8 
   0   205  1.39   5.8 
   0   204  1.37   5.9 
   0   217  1.28   5.5 
   0   207  1.40   5.8 
   0   221  1.26   5.4 
   0   209  1.45   5.7 
   0   219  1.30   5.4 
   0   233  1.12   5.1 
   0   216  1.23   5.5 
   0   237  1.12   5.0 
   0   227  1.26   5.2 
   0   213  1.28   5.6 
   0   228  1.09   5.2 
   0   223  1.10   5.4 
   0   215  1.27   5.5 
   0   226  1.18   5.3 
   0   226  1.21   5.3 
   0   226  1.16   5.3 
   0   222  1.16   5.4 
   0   220  1.11   5.4 
   0   219  1.14   5.4 
   0   228  1.06   5.2 
   0   224  1.04   5.4 
   0   218  1.10   5.5 
   0   212  1.13   5.6 
   0   214  1.04   5.6 
   0   225  0.97   5.3 
   0   213  1.05   5.6 
   0   223  0.94   5.3 
   0   219  0.92   5.4 
   0   217  0.93   5.5 
   0   220  0.94   5.4 
   0   209  0.99   5.7 
   0   222  0.81   5.4 
   0   215  0.90   5.5 
   0   216  0.88   5.5 
   0   223  0.82   5.4 
   0   222  0.79   5.4 
   0   217  0.79   5.5 
   0   220  0.76   5.4 
   0   236  0.75   5.1 
   0   224  0.71   5.3 
   0   230  0.67   5.2 
   0   242  0.64   4.9 
   0   224  0.67   5.3 
   0   237  0.65   5.1 
   0   227  0.65   5.2 
   0   221  0.68   5.4 
   0   237  0.60   5.0 
   0   236  0.55   5.1 
   0   243  0.56   4.9 
   0   240  0.53   5.0 
   0   245  0.53   4.9 
   0   248  0.47   4.8 
   0   253  0.41   4.7 
   0   256  0.39   4.6 
   0   248  0.42   4.8 
   0   256  0.38   4.7 
   0   258  0.37   4.6 
   0   252  0.40   4.7 
   0   286  0.35   4.2 
   0   287  0.36   4.2 
   0   276  0.39   4.3 
   0   302  0.33   4.0 
   0   290  0.34   4.1 
   0   278  0.33   4.3 
   0   297  0.32   4.0 
   0   303  0.30   3.9 
   0   311  0.30   3.8 
   0   288  0.36   4.1 
   0   302  0.33   4.0 
   0   290  0.32   4.1 
   0   295  0.31   4.1 
   0   293  0.30   4.1 
   0   299  0.32   4.0 
   0   278  0.32   4.3 
   0   269  0.33   4.5 
   0   278  0.33   4.3 
   0   288  0.29   4.1 
   0   284  0.28   4.2 
   0   274  0.30   4.4 
   0   292  0.32   4.1 
   0   300  0.30   4.0 
   0   290  0.32   4.1 
   0   260  0.34   4.6 
   0   259  0.35   4.6 
   0   235  0.39   5.1 
   0   219  0.43   5.5 
   0   215  0.46   5.5 
   0   216  0.46   5.5 
   0   210  0.47   5.7 
   0   219  0.59   5.5 
   0   236  0.70   5.0 
   0   226  0.86   5.3 
   0   250  0.74   4.8 
   0   247  0.75   4.8 
   0   246  0.74   4.8 
   0   237  0.79   5.0 
   0   221  0.88   5.4 
   0   244  0.78   4.9 
   0   250  0.78   4.8 
   0   254  0.74   4.7 
   0   257  0.72   4.7 
   0   257  0.66   4.6 
   0   264  0.64   4.5 
   0   264  0.62   4.5 
   0   236  0.64   5.0 
   0   238  0.64   5.0 
   0   230  0.59   5.2 
   0   223  0.66   5.4 
9999  9999 99.99 999.9 
   0   238  0.55   5.0 
   0   229  0.58   5.2 
   0   242  0.51   4.9 
   0   234  0.53   5.1 
   0   225  0.57   5.3 
   0   236  0.51   5.1 
   0   248  0.48   4.8 
   0   217  0.52   5.5 
   0   222  0.53   5.4 
   0   219  0.55   5.5 
   0   208  0.60   5.7 
   0   221  0.59   5.4 
   0   218  0.71   5.5 
   0   214  0.76   5.6 
   0   219  0.79   5.4 
   0   212  0.90   5.6 
   0   221  0.95   5.4 
   0   236  0.98   5.1 
   0   222  1.05   5.4 
   0   237  1.01   5.0 
   0   234  1.11   5.1 
   0   222  1.15   5.4 
   0   227  1.13   5.3 
   0   223  1.18   5.4 
   0   223  1.13   5.3 
   0   227  1.12   5.3 
   0   229  1.13   5.2 
   0   230  1.09   5.2 
   0   220  1.14   5.4 
   0   221  1.12   5.4 
   0   225  1.07   5.3 
   0   214  1.09   5.6 
   0   228  1.04   5.2 
   0   228  0.99   5.2 
   0   229  0.95   5.2 
   0   228  0.95   5.2 
   0   229  0.96   5.2 
   0   226  0.85   5.3 
   0   224  0.92   5.4 
   0   232  0.80   5.2 
   0   235  0.84   5.1 
   0   247  0.79   4.8 
   0   243  0.82   4.9 
   0   241  0.79   5.0 
   0   233  0.85   5.1 
   0   241  0.84   5.0 
   0   243  0.91   4.9 
   0   233  0.97   5.1 
   0   239  1.06   5.0 
   0   227  1.11   5.3 
   0   231  1.09   5.2 
   0   221  1.24   5.4 
   0   229  1.18   5.2 
   0   218  1.22   5.5 
   0   217  1.30   5.5 
   0   215  1.30   5.6 
   0   222  1.26   5.4 
   0   228  1.21   5.2 
   0   215  1.29   5.6 
   0   217  1.25   5.5 
   0   214  1.28   5.6 
   0   211  1.36   5.6 
   0   222  1.22   5.4 
   0   215  1.32   5.6 
   0   222  1.17   5.4 
   0   225  1.12   5.3 
   0   221  1.22   5.4 
   0   216  1.24   5.5 
   0   213  1.29   5.6 
   0   211  1.29   5.7 
   0   215  1.27   5.6 
   0   218  1.30   5.5 
   0   219  1.34   5.5 
   0   224  1.28   5.3 
   0   223  1.32   5.3 
   0   213  1.36   5.6 
   0   218  1.23   5.5 
   0   203  1.36   5.6 
   0   207  1.30   5.7 
   0   205  1.35   5.8 
   0   214  1.27   5.6 
   0   221  1.29   5.4 
   0   210  1.42   5.7 
   0   210  1.38   5.7 
   0   212  1.45   5.6 
   0   213  1.36   5.6 
   0   213  1.38   5.6 
   0   210  1.39   5.7 
   0   211  1.43   5.7 
   0   209  1.48   5.7 
   0   207  1.53   5.8 
   0   205  1.49   5.8 
   0   212  1.49   5.6 
   0   200  1.69   6.0 
   0   207  1.46   5.8 
   0   207  1.39   5.8 
   0   197  1.68   6.1 
   0   207  1.49   5.8 
   0   206  1.49   5.8 
   0   204  1.47   5.9 
   0   222  1.34   5.4 
   0   216  1.40   5.5 
   0   221  1.40   5.4 
   0   214  1.48   5.6 
   0   223  1.33   5.3 
   0   212  1.55   5.6 
   0   229  1.40   5.2 
   0   217  1.49   5.5 
   0   212  1.66   5.6 
   0   222  1.55   5.4 
   0   225  1.42   5.3 
   0   228  1.49   5.2 
   0   229  1.45   5.2 
   0   226  1.42   5.3 
   0   225  1.48   5.3 
   0   238  1.48   5.0 
   0   233  1.45   5.1 
   0   236  1.56   5.0 
   0   232  1.61   5.1 
   0   244  1.43   4.8 
   0   242  1.51   4.9 
   0   228  1.57   5.2 
   0   232  1.61   5.1 
   0   237  1.56   5.0 
   0   240  1.47   5.0 
   0   221  1.53   5.4 
   0   209  1.62   5.7 
   0   222  1.42   5.4 
   0   232  1.35   5.1 
   0   222  1.48   5.4 
   0   223  1.36   5.3 
   0   224  1.48   5.3 
   0   233  1.21   5.1 
   0   235  1.27   5.1 
   0   243  1.18   4.9 
   0   246  1.09   4.8 
   0   243  1.12   4.9 
   0   248  1.06   4.8 
   0   256  1.00   4.7 
   0   244  1.13   4.9 
   0   264  0.93   4.5 
   0   257  0.92   4.6 
   0   242  0.95   4.6 
   0   268  0.88   4.5 
   0   269  0.80   4.5 
   0   263  0.76   4.5 
   0   256  0.80   4.7 
   0   266  0.75   4.5 
   0   262  0.64   4.6 
   0   255  0.64   4.7 
   0   271  0.58   4.4 
   0   277  0.56   4.3 
   0   275  0.55   4.4 
   0   263  0.55   4.5 
   0   276  0.45   4.3 
   0   262  0.46   4.5 
   0   274  0.46   4.4 
   0   256  0.51   4.7 
   0   261  0.49   4.6 
   0   269  0.43   4.4 
   0   275  0.41   4.3 
   0   270  0.42   4.4 
   0   274  0.39   4.4 
   0   277  0.37   4.3 
   0   275  0.36   4.3 
   0   265  0.38   4.5 
   0   276  0.37   4.3 
   0   283  0.34   4.2 
   0   280  0.34   4.3 
   0   285  0.33   4.2 
   0   280  0.33   4.3 
   0   285  0.30   4.2 
   0   281  0.29   4.3 
   0   269  0.32   4.4 
   0   284  0.28   4.2 
   0   282  0.28   4.2 
   0   291  0.26   4.1 
   0   273  0.28   4.4 
   0   289  0.28   4.1 
   0   291  0.28   4.1 
   0   288  0.26   4.1 
   0   310  0.26   3.8 
   0   296  0.26   4.0 
   0   315  0.25   3.8 
   0   322  0.25   3.7 
   0   311  0.27   3.8 
   0   295  0.29   4.0 
   0   317  0.24   3.8 
   0   301  0.25   4.0 
   0   303  0.25   3.9 
   0   315  0.22   3.8 
   0   301  0.24   4.0 
   0   299  0.24   4.0 
   0   305  0.22   3.9 
   0   319  0.21   3.7 
   0   306  0.22   3.9 
   0   315  0.22   3.8 
   0   315  0.22   3.8 
   0   319  0.21   3.7 
   0   314  0.22   3.8 
   0   334  0.23   3.6 
   0   339  0.25   3.5 
   0   342  0.25   3.5 
   0   366  0.21   3.3 
   0   326  0.21   3.7 
   0   329  0.20   3.6 
   0   313  0.20   3.8 
   0   311  0.20   3.8 
   0   353  0.17   3.4 
   0   357  0.18   3.4 
   0   322  0.20   3.7 
   0   314  0.21   3.8 
   0   320  0.22   3.7 
   0   339  0.20   3.5 
   0   335  0.21   3.6 
   0   332  0.20   3.6 
   0   317  0.19   3.8 
   0   348  0.24   3.4 
   0   364  0.24   3.3 
   0   359  0.23   3.3 
   0   348  0.23   3.4 
   0   340  0.23   3.5 
   0   315  0.32   3.8 
   0   321  0.32   3.7 
   0   320  0.33   3.7 
   0   324  0.33   3.7 
   0   324  0.36   3.7 
   0   323  0.33   3.7 
   0   292  0.37   4.1 
   0   312  0.38   3.8 
   0   313  0.37   3.8 
   0   293  0.42   4.1 
   0   298  0.44   4.0 
   0   293  0.50   4.1 
   0   290  0.49   4.1 
   0   267  0.58   4.5 
   0   268  0.59   4.4 
   0   268  0.59   4.5 
   0   274  0.54   4.4 
   0   269  0.49   4.5 
   0   275  0.44   4.3 
   0   292  0.39   4.1 
   0   278  0.42   4.3 
   0   291  0.39   4.1 
   0   319  0.41   3.7 
   0   310  0.53   3.9 
   0   312  0.56   3.8 
   0   292  0.65   4.1 
   0   290  0.68   4.1 
   0   297  0.58   4.0 
   0   278  0.57   4.3 
   0   264  0.58   4.5 
   0   287  0.49   4.2 
   0   277  0.53   4.3 
   0   270  0.48   4.4 
   0   285  0.44   4.2 
   0   271  0.46   4.4 
   0   275  0.45   4.3 
   0   282  0.45   4.3 
   0   271  0.46   4.4 
   0   255  0.52   4.7 
   0   263  0.47   4.5 
   0   272  0.45   4.4 
   0   274  0.47   4.4 
   0   284  0.41   4.2 
   0   268  0.47   4.4 
   0   264  0.46   4.5 
   0   268  0.46   4.5 
   0   260  0.46   4.6 
   0   267  0.45   4.5 
   0   273  0.41   4.4 
   0   275  0.41   4.4 
   0   267  0.46   4.5 
   0   253  0.46   4.7 
   0   262  0.42   4.6 
   0   259  0.45   4.6 
   0   270  0.44   4.4 
   0   271  0.46   4.4 
   0   268  0.48   4.5 
   0   282  0.48   4.2 
   0   283  0.47   4.2 
   0   282  0.56   4.2 
   0   283  0.55   4.2 
   0   283  0.55   4.2 
   0   294  0.52   4.1 
   0   294  0.54   4.1 
   0   301  0.52   4.0 
   0   285  0.55   4.2 
   0   288  0.53   4.1 
   0   291  0.53   4.1 
   0   287  0.54   4.2 
   0   295  0.51   4.1 
   0   295  0.49   4.1 
   0   287  0.52   4.1 
   0   303  0.47   3.9 
   0   299  0.47   4.0 
   0   297  0.46   4.0 
   0   293  0.48   4.1 
   0   305  0.48   3.9 
   0   299  0.47   4.0 
   0   320  0.38   3.7 
   0   312  0.38   3.8 
   0   303  0.41   4.0 
   0   310  0.39   3.9 
   0   302  0.42   4.0 
   0   306  0.39   3.9 
   0   281  0.44   4.2 
   0   297  0.43   4.0 
   0   294  0.45   4.1 
   0   314  0.42   3.8 
   0   304  0.43   3.9 
   0   311  0.46   3.8 
   0   310  0.45   3.9 
   0   311  0.46   3.8 
   0   329  0.44   3.6 
   0   314  0.46   3.8 
   0   318  0.48   3.8 
   0   321  0.47   3.7 
   0   302  0.51   4.0 
   0   297  0.51   4.0 
   0   304  0.51   3.9 
   0   305  0.55   3.9 
   0   274  0.60   4.4 
   0   279  0.59   4.3 
   0   253  0.73   4.7 
   0   269  0.69   4.5 
   0   264  0.70   4.5 
   0   261  0.73   4.6 
   0   264  0.77   4.5 
   0   255  0.77   4.7 
   0   250  0.82   4.8 
   0   261  0.76   4.6 
   0   264  0.76   4.5 
   0   261  0.88   4.6 
   0   262  0.79   4.6 
   0   253  0.91   4.7 
   0   248  0.91   4.8 
   0   255  0.91   4.7 
   0   258  0.87   4.6 
   0   242  1.00   4.9 
   0   251  0.92   4.8 
   0   242  0.88   4.9 
   0   241  0.91   5.0 
   0   240  0.96   5.0 
   0   240  1.01   5.0 
   0   242  1.00   4.9 
   0   238  1.03   5.0 
   0   234  1.01   5.1 
   0   236  1.02   5.1 
   0   235  1.01   5.1 
   0   230  1.09   5.2 
   0   225  1.11   5.3 
   0   230  1.12   5.2 
   0   229  1.08   5.2 
   0   220  1.16   5.4 
   0   224  1.13   5.3 
   0   226  1.08   5.3 
   0   228  0.98   5.2 
   0   242  0.93   4.9 
   0   244  0.91   4.9 
   0   232  0.98   5.1 
   0   241  0.93   4.9 
   0   241  0.87   5.0 
   0   231  0.87   5.2 
   0   231  0.99   5.2 
   0   239  0.92   5.0 
   0   250  0.84   4.8 
   0   244  0.87   4.9 
   0   242  0.89   4.9 
   0   250  0.79   4.8 
   0   226  0.87   5.3 
   0   243  0.80   4.9 
   0   240  0.77   5.0 
   0   248  0.76   4.8 
   0   242  0.78   4.9 
   0   239  0.79   5.0 
   0   252  0.74   4.8 
   0   260  0.72   4.6 
   0   244  0.69   4.9 
   0   235  0.74   5.1 
   0   250  0.67   4.8 
   0   252  0.62   4.7 
   0   255  0.63   4.7 
   0   258  0.63   4.6 
   0   247  0.67   4.8 
   0   253  0.63   4.7 
   0   269  0.62   4.4 
   0   247  0.69   4.8 
   0   276  0.63   4.3 
   0   242  0.73   4.9 
   0   245  0.67   4.9 
   0   248  0.70   4.8 
   0   245  0.75   4.9 
   0   243  0.74   4.9 
   0   251  0.64   4.8 
   0   242  0.72   4.9 
   0   233  0.71   5.1 
   0   255  0.66   4.7 
   0   249  0.67   4.8 
   0   260  0.68   4.6 
   0   262  0.68   4.6 
   0   247  0.66   4.8 
   0   253  0.68   4.7 
   0   265  0.60   4.5 
   0   257  0.64   4.6 
   0   263  0.58   4.5 
   0   265  0.55   4.5 
   0   260  0.62   4.6 
   0   255  0.59   4.7 
   0   240  0.65   5.0 
   0   258  0.58   4.6 
   0   250  0.58   4.8 
   0   237  0.65   5.0 
   0   234  0.70   5.1 
   0   244  0.63   4.9 
   0   249  0.64   4.8 
   0   254  0.61   4.7 
   0   245  0.61   4.9 
   0   258  0.56   4.6 
   0   248  0.58   4.8 
   0   230  0.61   5.2 
   0   231  0.62   5.2 
   0   235  0.62   5.1 
   0   237  0.62   5.0 
   0   227  0.67   5.3 
   0   251  0.56   4.8 
   0   235  0.62   5.1 
   0   239  0.54   5.0 
   0   230  0.56   5.2 
   0   231  0.56   5.1 
   0   236  0.53   5.1 
   0   227  0.54   5.3 
   0   244  0.51   4.9 
   0   230  0.54   5.2 
   0   241  0.48   5.0 
   0   230  0.49   5.2 
   0   238  0.47   5.0 
   0   243  0.44   4.9 
   0   236  0.45   5.1 
   0   250  0.41   4.8 
   0   244  0.46   4.9 
   0   244  0.42   4.9 
   0   235  0.45   5.1 
   0   247  0.44   4.8 
   0   237  0.46   5.0 
   0   224  0.52   5.3 
   0   229  0.46   5.2 
   0   225  0.51   5.3 
   0   230  0.49   5.2 
   0   222  0.53   5.4 
   0   238  0.42   5.0 
   0   233  0.44   5.1 
   0   221  0.50   5.4 
   0   250  0.40   4.8 
   0   236  0.45   5.1 
   0   228  0.44   5.2 
   0   237  0.42   5.0 
   0   253  0.38   4.7 
   0   254  0.39   4.7 
   0   261  0.37   4.6 
   0   258  0.37   4.6 
   0   249  0.38   4.8 
   0   250  0.36   4.8 
   0   249  0.35   4.8 
   0   250  0.37   4.8 
   0   240  0.40   5.0 
   0   253  0.35   4.7 
   0   246  0.34   4.8 
   0   264  0.32   4.5 
   0   254  0.35   4.7 
   0   248  0.36   4.8 
   0   261  0.35   4.6 
   0   255  0.33   4.7 
   0   257  0.32   4.6 
   0   268  0.29   4.5 
   0   282  0.29   4.2 
   0   267  0.33   4.5 
   0   261  0.29   4.6 
   0   269  0.29   4.4 
   0   272  0.29   4.4 
   0   269  0.26   4.4 
   0   295  0.25   4.1 
   0   284  0.26   4.2 
   0   284  0.26   4.2 
   0   287  0.26   4.2 
   0   301  0.25   4.0 
   0   293  0.25   4.1 
   0   300  0.23   4.0 
   0   294  0.22   4.1 
   0   308  0.22   3.9 
   0   295  0.24   4.1 
   0   299  0.21   4.0 
   0   293  0.23   4.1 
   0   304  0.21   3.9 
   0   300  0.20   4.0 
   0   307  0.18   3.9 
   0   294  0.21   4.1 
   0   303  0.19   3.9 
   0   311  0.19   3.8 
   0   273  0.21   4.4 
   0   311  0.17   3.8 
   0   293  0.21   4.1 
   0   295  0.20   4.1 
   0   298  0.21   4.0 
   0   298  0.20   4.0 
   0   295  0.20   4.0 
   0   308  0.19   3.9 
   0   235  0.21   3.7 
   0   310  0.20   3.9 
9999  9999 99.99 999.9 
9999  9999 99.99 999.9 
   0   210  0.18   3.7 
   0   301  0.19   3.9 
   0   315  0.19   3.8 
   0   323  0.17   3.7 
   0   305  0.19   3.9 
   0   308  0.19   3.9 
   0   310  0.18   3.8 
   0   306  0.18   3.9 
   0   328  0.17   3.6 
   0   325  0.16   3.7 
   0   176  0.16   3.8 
   0   202  0.17   3.3 
   0   344  0.16   3.5 
   0   342  0.16   3.5 
   0   348  0.16   3.4 
   0   319  0.17   3.7 
   0   336  0.15   3.6 
   0   322  0.16   3.7 
   0   342  0.15   3.5 
   0   343  0.15   3.5 
   0   360  0.17   3.3 
   0   332  0.14   3.2 
   0   383  0.13   3.1 
   0   346  0.15   3.3 
   0   344  0.15   3.5 
   0   362  0.14   3.3 
   0   355  0.14   3.3 
   0   371  0.14   3.1 
   0   367  0.14   3.3 
   0   385  0.13   3.1 
   0   389  0.13   3.1 
   0   398  0.13   3.0 
   0   422  0.13   2.8 
   0   402  0.15   3.0 
   0   393  0.16   3.0 
   0   399  0.17   3.0 
   0   405  0.17   3.0 
   0   379  0.18   3.2 
   0   376  0.20   3.2 
   0   377  0.20   3.2 
   0   377  0.20   3.2 
   0   361  0.20   3.3 
   0   365  0.21   3.3 
   0   355  0.22   3.4 
   0   359  0.22   3.3 
   0   356  0.22   3.4 
   0   369  0.22   3.2 
   0   352  0.23   3.4 
   0   343  0.23   3.5 
   0   342  0.25   3.5 
   0   316  0.28   3.8 
   0   289  0.28   3.8 
   0   293  0.32   4.0 
   0   309  0.30   3.8 
   0   305  0.30   3.9 
   0   310  0.32   3.9 
   0   314  0.30   3.8 
   0   288  0.30   4.1 
   0   287  0.29   4.2 
   0   289  0.30   4.1 
   0   278  0.30   4.3 
   0   280  0.33   4.2 
   0   264  0.38   4.5 
   0   259  0.41   4.6 
   0   242  0.43   4.9 
   0   251  0.40   4.8 
   0   248  0.41   4.8 
   0   261  0.36   4.6 
   0   264  0.33   4.5 
   0   270  0.33   4.4 
   0   278  0.36   4.3 
   0   266  0.35   4.5 
   0   281  0.34   4.3 
   0   288  0.35   4.2 
   0   252  0.34   4.6 
   0   256  0.33   4.7 
   0   248  0.36   4.8 
   0   248  0.40   4.8 
   0   259  0.41   4.6 
   0   244  0.43   4.9 
   0   282  0.40   4.2 
   0   277  0.44   4.3 
   0   272  0.46   4.4 
   0   253  0.47   4.7 
   0   247  0.51   4.8 
   0   258  0.46   4.6 
   0   250  0.51   4.8 
   0   235  0.55   5.1 
   0   250  0.48   4.8 
   0   254  0.46   4.7 
   0   252  0.51   4.7 
   0   252  0.56   4.7 
   0   289  0.58   4.1 
   0   294  0.57   3.9 
   0   292  0.61   4.1 
   0   290  0.58   4.1 
   0   278  0.60   4.3 
   0   278  0.58   4.3 
   0   278  0.60   4.3 
   0   281  0.60   4.3 
   0   274  0.64   4.4 
   0   277  0.64   4.3 
   0   284  0.66   4.2 
   0   286  0.58   4.2 
   0   283  0.58   4.2 
   0   289  0.57   4.1 
   0   289  0.63   4.1 
   0   294  0.65   4.1 
   0   291  0.64   4.1 
   0   295  0.62   4.1 
   0   297  0.66   4.0 
   0   291  0.72   4.1 
   0   289  0.75   4.1 
   0   289  0.70   4.1 
   0   278  0.74   4.3 
   0   283  0.75   4.2 
   0   277  0.80   4.3 
   0   279  0.80   4.3 
   0   266  0.90   4.5 
   0   263  0.88   4.5 
   0   263  0.93   4.5 
   0   259  0.88   4.6 
   0   243  1.02   4.9 
   0   239  1.01   5.0 
   0   236  1.11   5.1 
   0   231  1.17   5.2 
   0   229  1.29   5.2 
   0   231  1.13   5.2 
   0   221  1.17   5.4 
   0   222  1.11   5.4 
   0   207  1.28   5.8 
   0   200  1.69   6.0 
   0   198  1.61   6.0 
   0   200  1.72   6.0 
   0   195  1.91   6.1 
   0   190  2.01   6.3 
   0   187  2.09   6.4 
   0   180  2.21   6.6 
   0   174  2.32   6.8 
   0   171  2.37   7.0 
   0   174  2.35   6.8 
   0   176  2.30   6.7 
   0   168  2.65   7.0 
   0   168  2.69   7.1 
   0   163  2.68   7.3 
   0   172  2.50   7.0 
   0   165  2.72   7.2 
   0   168  2.53   7.0 
   0   164  2.54   7.2 
   0   162  2.74   7.4 
   0   171  2.46   7.0 
   0   174  2.43   6.8 
   0   173  2.27   6.9 
   0   169  2.44   7.1 
   0   172  2.27   6.9 
   0   178  2.09   6.7 
   0   181  2.09   6.6 
   0   175  2.19   6.8 
   0   171  2.10   7.0 
   0   184  2.00   6.5 
   0   184  1.83   6.5 
   0   179  1.85   6.7 
   0   181  1.73   6.6 
   0   182  1.71   6.6 
   0   185  1.63   6.4 
   0   177  1.64   6.8 
   0   183  1.62   6.5 
   0   189  1.51   6.3 
   0   187  1.45   6.4 
   0   180  1.56   6.6 
   0   197  1.45   6.1 
   0   205  1.34   5.8 
   0   196  1.46   6.1 
   0   193  1.46   6.2 
   0   190  1.56   6.3 
   0   198  1.39   6.0 
   0   187  1.54   6.4 
   0   195  1.48   6.1 
   0   187  1.48   6.4 
   0   188  1.48   6.4 
   0   206  1.25   5.8 
   0   193  1.46   6.2 
   0   214  1.41   5.6 
   0   207  1.32   5.8 
   0   203  1.32   5.9 
   0   210  1.24   5.7 
   0   204  1.19   5.8 
   0   206  1.19   5.7 
   0   196  1.24   5.9 
   0   210  1.14   5.7 
   0   202  1.21   5.9 
   0   212  1.10   5.6 
   0   217  1.10   5.5 
   0   215  1.05   5.6 
   0   227  0.99   5.2 
   0   239  0.92   5.0 
   0   228  0.97   5.2 
   0   230  0.92   5.1 
   0   227  0.91   5.3 
   0   223  0.92   5.3 
   0   227  0.89   5.3 
   0   238  0.82   5.0 
   0   221  0.90   5.4 
   0   234  0.83   5.1 
   0   236  0.81   5.1 
   0   243  0.78   4.9 
   0   216  0.90   5.5 
   0   230  0.80   5.2 
   0   244  0.69   4.9 
   0   236  0.72   5.0 
   0   238  0.67   5.0 
   0   244  0.62   4.9 
   0   238  0.63   5.0 
   0   243  0.62   4.9 
   0   247  0.58   4.8 
   0   242  0.59   4.9 
   0   242  0.53   5.0 
   0   230  0.62   5.2 
   0   235  0.56   5.1 
   0   246  0.46   4.8 
   0   242  0.49   4.9 
   0   236  0.51   5.0 
   0   245  0.44   4.9 
   0   246  0.44   4.9 
   0   228  0.45   5.2 
   0   245  0.44   4.9 
   0   251  0.41   4.8 
   0   251  0.41   4.8 
   0   248  0.45   4.8 
   0   253  0.42   4.7 
   0   258  0.39   4.6 
   0   257  0.38   4.6 
   0   252  0.39   4.7 
   0   265  0.34   4.5 
   0   265  0.36   4.5 
   0   277  0.33   4.3 
   0   261  0.35   4.6 
   0   291  0.37   3.9 
   0   269  0.33   4.4 
   0   281  0.30   4.3 
   0   287  0.30   4.2 
   0   263  0.31   4.5 
   0   269  0.32   4.4 
   0   282  0.30   4.2 
   0   290  0.28   4.1 
   0   287  0.30   4.2 
   0   288  0.29   4.2 
   0   289  0.28   4.1 
   0   295  0.27   4.0 
   0   292  0.28   4.1 
   0   287  0.30   4.2 
   0   298  0.28   4.0 
   0   285  0.30   4.2 
   0   289  0.29   4.1 
   0   286  0.28   4.2 
   0   282  0.27   4.2 
   0   295  0.25   4.0 
   0   319  0.24   3.8 
   0   290  0.26   4.1 
   0   287  0.26   4.2 
   0   288  0.26   4.2 
   0   275  0.29   4.3 
   0   299  0.27   4.0 
   0   300  0.27   4.0 
   0   306  0.28   3.9 
   0   290  0.28   4.1 
   0   281  0.26   4.2 
   0   289  0.25   4.1 
   0   308  0.23   3.9 
   0   290  0.22   4.1 
   0   298  0.21   4.0 
   0   303  0.21   3.9 
   0   307  0.19   3.9 
   0   311  0.19   3.8 
   0   323  0.18   3.7 
   0   331  0.17   3.6 
   0   317  0.17   3.8 
   0   318  0.18   3.8 
   0   311  0.17   3.8 
   0   315  0.17   3.8 
   0   340  0.16   3.5 
   0   321  0.16   3.7 
   0   330  0.16   3.6 
   0   335  0.15   3.6 
   0   329  0.15   3.6 
   0   313  0.16   3.8 
   0   348  0.14   3.4 
   0   348  0.13   3.4 
   0   342  0.14   3.5 
   0   350  0.14   3.4 
   0   347  0.14   3.4 
   0   356  0.14   3.4 
   0   362  0.14   3.3 
   0   396  0.13   3.0 
   0   372  0.15   3.2 
   0   373  0.15   3.2 
   0   395  0.14   3.0 
   0   378  0.15   3.2 
   0   386  0.15   3.1 
   0   382  0.15   3.1 
   0   368  0.16   3.2 
   0   388  0.15   3.1 
   0   361  0.15   3.3 
   0   403  0.14   3.0 
   0   398  0.15   3.0 
   0   378  0.16   3.2 
   0   367  0.18   3.3 
   0   358  0.19   3.3 
   0   329  0.22   3.5 
   0   403  0.24   2.9 
   0   317  0.23   3.7 
   0   299  0.26   4.0 
   0   287  0.30   4.2 
   0   275  0.34   4.3 
   0   288  0.33   4.1 
   0   279  0.36   4.3 
   0   270  0.38   4.4 
   0   273  0.36   4.3 
   0   266  0.39   4.5 
   0   266  0.41   4.5 
   0   253  0.45   4.7 
   0   257  0.47   4.6 
   0   259  0.53   4.6 
   0   261  0.51   4.6 
   0   245  0.55   4.9 
   0   251  0.46   4.8 
   0   239  0.56   5.0 
   0   252  0.53   4.7 
   0   264  0.48   4.5 
   0   256  0.55   4.7 
   0   256  0.51   4.7 
   0   253  0.51   4.7 
   0   269  0.44   4.4 
   0   254  0.53   4.7 
   0   260  0.50   4.6 
   0   264  0.49   4.5 
   0   257  0.48   4.6 
   0   252  0.51   4.7 
   0   262  0.47   4.6 
   0   242  0.51   4.9 
   0   241  0.55   5.0 
   0   251  0.50   4.8 
   0   241  0.61   5.0 
   0   234  0.66   5.1 
   0   238  0.71   5.0 
   0   249  0.69   4.8 
   0   242  0.74   4.9 
   0   243  0.75   4.9 
   0   253  0.72   4.7 
   0   244  0.77   4.9 
   0   247  0.78   4.8 
   0   240  0.77   5.0 
   0   248  0.75   4.8 
   0   260  0.63   4.6 
   0   251  0.69   4.8 
   0   254  0.69   4.7 
   0   263  0.74   4.5 
   0   256  0.76   4.7 
   0   244  0.75   4.9 
   0   239  0.74   5.0 
   0   246  0.73   4.8 
   0   265  0.67   4.5 
