                       
   0   251  0.65   4.7 
   0   246  0.70   4.8 
   0   249  0.65   4.8 
   0   251  0.68   4.7 
   0   230  0.77   5.2 
   0   241  0.76   5.0 
   0   241  0.68   4.9 
   0   243  0.68   4.9 
   0   221  0.69   5.4 
   0   233  0.67   5.1 
   0   231  0.67   5.2 
   0   229  0.62   5.2 
   0   216  0.71   5.5 
   0   246  0.64   4.9 
   0   241  0.66   4.9 
   0   240  0.69   5.0 
   0   252  0.70   4.7 
   0   249  0.78   4.8 
   0   245  0.73   4.8 
   0   253  0.76   4.7 
   0   231  0.78   5.2 
   0   252  0.75   4.7 
   0   222  0.92   5.4 
   0   231  0.84   5.2 
   0   232  0.81   5.2 
   0   232  0.86   5.1 
   0   237  0.86   5.0 
   0   248  0.82   4.8 
   0   238  0.83   5.0 
   0   231  0.83   5.2 
   0   233  0.80   5.1 
   0   218  0.78   5.5 
   0   227  0.75   5.3 
   0   221  0.76   5.4 
   0   249  0.66   4.8 
   0   223  0.81   5.4 
   0   218  0.78   5.5 
   0   223  0.72   5.3 
   0   230  0.75   5.2 
   0   236  0.73   5.1 
   0   231  0.81   5.2 
   0   234  0.83   5.1 
   0   235  0.82   5.1 
   0   250  0.78   4.8 
   0   250  0.77   4.8 
   0   273  0.66   4.4 
   0   264  0.70   4.5 
   0   263  0.67   4.5 
   0   276  0.63   4.3 
   0   256  0.63   4.7 
   0   274  0.56   4.4 
   0   267  0.60   4.5 
   0   260  0.58   4.6 
   0   249  0.55   4.8 
   0   267  0.51   4.5 
   0   272  0.47   4.4 
   0   271  0.47   4.4 
   0   262  0.45   4.5 
   0   268  0.43   4.4 
   0   277  0.41   4.3 
   0   271  0.38   4.4 
   0   257  0.41   4.7 
   0   269  0.37   4.4 
   0   278  0.38   4.3 
   0   271  0.38   4.4 
   0   274  0.35   4.4 
   0   287  0.33   4.2 
   0   251  0.34   4.8 
   0   266  0.31   4.5 
   0   267  0.31   4.5 
   0   268  0.31   4.5 
   0   251  0.31   4.7 
   0   279  0.27   4.3 
   0   259  0.28   4.6 
   0   268  0.25   4.4 
   0   264  0.28   4.5 
   0   266  0.27   4.5 
   0   284  0.24   4.1 
   0   270  0.24   4.4 
   0   263  0.25   4.4 
   0   270  0.25   4.4 
   0   291  0.22   4.1 
   0   310  0.18   3.9 
   0   323  0.21   3.7 
   0   305  0.21   3.9 
   0   323  0.20   3.7 
   0   305  0.22   3.9 
   0   301  0.21   4.0 
   0   311  0.22   3.8 
   0   301  0.21   4.0 
   0   309  0.20   3.5 
   0   333  0.21   3.5 
   0   306  0.19   3.9 
   0   327  0.18   3.7 
   0   344  0.18   3.5 
   0   336  0.20   3.6 
   0   340  0.20   3.5 
   0   349  0.18   3.4 
   0   337  0.17   3.6 
   0   308  0.17   3.9 
   0   322  0.16   3.7 
   0   351  0.16   3.4 
   0   406  0.18   3.0 
   0   393  0.19   3.0 
   0   404  0.20   2.9 
   0   370  0.21   3.1 
   0   391  0.20   3.1 
   0   397  0.19   3.0 
   0   395  0.16   3.0 
   0   390  0.16   3.1 
   0   368  0.16   3.2 
   0   352  0.15   3.4 
   0   357  0.14   3.3 
   0   360  0.14   3.3 
   0   348  0.14   3.4 
   0   331  0.16   3.6 
   0   348  0.15   3.4 
   0   375  0.14   3.1 
   0   380  0.16   3.1 
   0   343  0.16   3.4 
   0   359  0.15   3.3 
   0   365  0.15   3.3 
   0   377  0.15   3.2 
   0   382  0.14   3.1 
   0   376  0.14   3.2 
   0   360  0.14   3.3 
   0   367  0.14   3.3 
   0   386  0.15   3.1 
   0   372  0.14   3.2 
   0   378  0.14   3.2 
   0   392  0.14   3.1 
   0   374  0.13   3.2 
   0   375  0.12   3.2 
   0   393  0.11   3.0 
   0   349  0.12   3.4 
   0   402  0.11   2.9 
   0   388  0.12   3.1 
   0   359  0.13   3.2 
   0   377  0.13   3.1 
   0   377  0.13   3.1 
   0   400  0.13   3.0 
   0   416  0.13   2.7 
   0   448  0.12   2.7 
   0   430  0.13   2.8 
   0   435  0.14   2.8 
   0   442  0.14   2.7 
   0   407  0.13   2.9 
   0   412  0.15   2.9 
   0   396  0.13   3.0 
   0   414  0.13   2.9 
   0   427  0.13   2.8 
   0   393  0.13   2.8 
   0   394  0.12   2.9 
   0   381  0.12   3.0 
   0   408  0.11   2.8 
   0   407  0.12   2.8 
   0   369  0.14   3.2 
   0   395  0.13   3.0 
   0   408  0.11   2.9 
   0   401  0.11   3.0 
   0   444  0.10   2.7 
   0   413  0.11   2.9 
   0   420  0.11   2.7 
   0   338  0.12   2.9 
   0   416  0.13   2.9 
   0   407  0.12   2.9 
   0   448  0.12   2.7 
   0   424  0.12   2.8 
   0   448  0.12   2.7 
   0   456  0.11   2.6 
   0   415  0.12   2.9 
9999  9999 99.99 999.9 
   0   433  0.11   2.8 
   0   428  0.12   2.8 
   0   401  0.12   3.0 
   0   423  0.11   2.8 
   0   397  0.10   3.0 
   0   407  0.10   2.9 
   0   398  0.11   3.0 
   0   373  0.10   3.2 
   0   412  0.10   2.9 
   0   396  0.11   3.0 
   0   408  0.11   2.9 
   0   398  0.12   3.0 
   0   416  0.13   2.9 
   0   412  0.13   2.9 
   0   401  0.14   3.0 
   0   401  0.14   3.0 
   0   362  0.14   3.3 
   0   362  0.14   3.3 
   0   346  0.16   3.4 
   0   338  0.16   3.5 
   0   365  0.16   3.3 
   0   343  0.16   3.5 
   0   347  0.15   3.4 
   0   315  0.17   3.8 
   0   341  0.16   3.5 
   0   367  0.15   3.3 
   0   354  0.16   3.4 
   0   359  0.16   3.3 
   0   336  0.17   3.5 
   0   371  0.17   3.2 
   0   365  0.17   3.3 
   0   356  0.17   3.4 
   0   368  0.15   3.2 
   0   387  0.15   3.1 
   0   390  0.16   3.1 
   0   396  0.16   3.0 
   0   397  0.14   2.9 
   0   429  0.13   2.8 
   0   353  0.14   3.4 
   0   417  0.12   2.9 
   0   388  0.13   3.0 
   0   407  0.12   2.9 
   0   356  0.12   3.2 
9999  9999 99.99 999.9 
   0   360  0.12   3.3 
   0   382  0.12   3.1 
   0   384  0.13   3.1 
   0   349  0.14   3.4 
   0   374  0.15   3.2 
   0   355  0.16   3.4 
   0   328  0.17   3.4 
   0   344  0.15   3.3 
   0   347  0.16   3.4 
   0   345  0.16   3.5 
   0   285  0.15   3.5 
   0   379  0.15   3.1 
   0   382  0.15   3.1 
   0   367  0.16   3.3 
   0   380  0.16   3.1 
   0   396  0.16   3.0 
   0   358  0.18   3.3 
   0   354  0.17   3.4 
   0   353  0.18   3.4 
   0   361  0.17   3.3 
   0   354  0.17   3.4 
   0   402  0.15   3.0 
   0   368  0.16   3.3 
   0   368  0.17   3.3 
   0   365  0.17   3.3 
   0   382  0.16   3.1 
   0   366  0.16   3.3 
   0   365  0.16   3.3 
   0   378  0.16   3.2 
   0   368  0.17   3.3 
   0   393  0.16   3.0 
9999  9999 99.99 999.9 
   0   237  0.16   3.0 
   0   371  0.17   3.1 
   0   307  0.18   3.1 
   0   385  0.17   3.1 
   0   379  0.17   3.2 
   0   376  0.17   3.2 
   0   200  0.17   3.1 
   0   291  0.18   3.5 
   0   348  0.17   3.4 
   0   364  0.17   3.3 
   0   342  0.17   3.5 
   0   252  0.16   3.3 
9999  9999 99.99 999.9 
9999  9999 99.99 999.9 
9999  9999 99.99 999.9 
9999  9999 99.99 999.9 
   0   157  0.19   3.3 
   0   380  0.20   3.1 
   0   379  0.21   3.2 
   0   379  0.23   3.2 
   0   368  0.25   3.1 
   0   379  0.26   3.2 
   0   372  0.25   3.2 
   0   375  0.25   3.2 
   0   382  0.22   3.1 
   0   370  0.23   3.2 
   0   343  0.24   3.2 
   0   346  0.26   3.5 
   0   323  0.27   3.3 
   0   332  0.25   3.4 
   0   356  0.28   3.4 
   0   337  0.26   3.5 
   0   332  0.25   3.6 
   0   328  0.24   3.6 
   0   339  0.24   3.5 
   0   333  0.25   3.5 
   0   333  0.25   3.6 
   0   320  0.26   3.7 
   0   322  0.24   3.7 
   0   326  0.26   3.7 
   0   330  0.26   3.6 
   0   335  0.26   3.6 
   0   349  0.26   3.4 
   0   328  0.27   3.6 
   0   333  0.26   3.6 
   0   343  0.26   3.5 
   0   367  0.27   3.2 
   0   351  0.28   3.4 
   0   375  0.27   3.1 
   0   351  0.27   3.4 
   0   360  0.28   3.3 
   0   361  0.27   3.2 
   0   327  0.27   3.7 
   0   315  0.30   3.8 
   0   320  0.28   3.7 
   0   320  0.29   3.7 
   0   313  0.29   3.8 
   0   308  0.29   3.9 
   0   321  0.28   3.7 
   0   325  0.27   3.7 
   0   319  0.28   3.7 
   0   341  0.28   3.5 
   0   320  0.30   3.7 
   0   334  0.32   3.6 
   0   327  0.33   3.6 
   0   315  0.34   3.8 
   0   308  0.36   3.9 
   0   249  0.37   4.0 
   0   303  0.33   3.7 
9999  9999 99.99 999.9 
   0   304  0.33   3.7 
   0   341  0.28   3.5 
   0   331  0.28   3.6 
   0   330  0.30   3.6 
   0   350  0.26   3.4 
   0   341  0.27   3.5 
   0   350  0.26   3.4 
   0   338  0.27   3.5 
   0   340  0.25   3.5 
   0   327  0.27   3.7 
   0   342  0.28   3.5 
   0   362  0.25   3.3 
   0   364  0.25   3.3 
   0   361  0.25   3.3 
   0   359  0.24   3.3 
   0   391  0.33   3.1 
   0   415  0.31   2.9 
   0   405  0.35   2.9 
   0   379  0.39   3.0 
   0   388  0.40   3.1 
   0   393  0.38   3.0 
   0   348  0.40   3.4 
   0   334  0.42   3.6 
   0   340  0.40   3.5 
   0   344  0.41   3.5 
   0   347  0.40   3.5 
   0   365  0.44   3.3 
   0   370  0.43   3.2 
   0   344  0.42   3.5 
   0   350  0.41   3.4 
   0   337  0.39   3.5 
   0   326  0.39   3.7 
   0   335  0.37   3.6 
   0   348  0.36   3.4 
   0   359  0.35   3.3 
   0   347  0.33   3.5 
   0   334  0.30   3.4 
   0   349  0.28   3.4 
   0   372  0.27   3.2 
   0   348  0.28   3.4 
   0   352  0.25   3.4 
   0   361  0.25   3.3 
   0   372  0.25   3.2 
   0   367  0.23   3.3 
   0   349  0.22   3.4 
   0   359  0.22   3.3 
   0   354  0.21   3.4 
   0   353  0.23   3.4 
   0   371  0.21   3.2 
   0   371  0.20   3.2 
   0   370  0.20   3.2 
   0   371  0.20   3.2 
   0   352  0.19   3.4 
   0   377  0.19   3.2 
   0   379  0.18   3.2 
   0   370  0.19   3.2 
   0   394  0.16   3.0 
   0   374  0.16   3.2 
   0   380  0.17   3.2 
   0   377  0.17   3.2 
   0   355  0.17   3.4 
   0   394  0.17   3.0 
   0   400  0.14   3.0 
   0   384  0.14   3.1 
   0   399  0.14   3.0 
   0   387  0.15   3.1 
   0   386  0.14   3.1 
   0   381  0.13   3.1 
   0   389  0.13   3.1 
   0   400  0.12   3.0 
   0   381  0.14   3.1 
   0   384  0.15   3.1 
   0   390  0.14   3.1 
   0   379  0.14   3.2 
   0   369  0.13   3.2 
   0   399  0.12   3.0 
   0   367  0.11   3.2 
   0   342  0.12   3.5 
   0   391  0.11   3.1 
   0   376  0.12   3.2 
   0   374  0.10   2.9 
   0   395  0.11   3.0 
   0   375  0.11   3.2 
   0   377  0.11   3.2 
   0   372  0.11   3.1 
   0   223  0.10   2.8 
   0   386  0.11   3.1 
   0   381  0.11   3.1 
   0   402  0.11   3.0 
   0   398  0.11   3.0 
   0   391  0.11   3.1 
   0   371  0.11   3.2 
   0   325  0.11   3.7 
   0   361  0.11   3.3 
   0   219  0.11   3.1 
9999  9999 99.99 999.9 
9999  9999 99.99 999.9 
   0   169  0.10   3.0 
   0   396  0.14   2.8 
   0   164  0.11   2.8 
   0   226  0.12   3.0 
   0   349  0.12   3.2 
   0   364  0.11   3.1 
   0   382  0.10   3.1 
   0   363  0.11   3.2 
   0   385  0.13   3.1 
   0   377  0.16   3.1 
   0   398  0.16   3.0 
   0   391  0.18   3.1 
   0   394  0.18   3.0 
   0   374  0.19   3.2 
   0   383  0.19   3.1 
   0   397  0.19   3.0 
   0   391  0.20   3.1 
   0   375  0.21   3.2 
   0   384  0.23   3.1 
   0   368  0.29   3.3 
   0   356  0.33   3.4 
   0   354  0.35   3.4 
   0   360  0.37   3.3 
   0   338  0.42   3.5 
   0   323  0.46   3.7 
   0   323  0.50   3.7 
   0   312  0.53   3.8 
   0   302  0.60   4.0 
   0   301  0.58   4.0 
   0   301  0.67   4.0 
   0   280  0.72   4.3 
   0   296  0.75   4.0 
   0   279  0.79   4.3 
9999  9999 99.99 999.9 
   0   258  0.84   4.6 
   0   264  0.81   4.5 
   0   244  0.94   4.9 
   0   259  0.91   4.6 
   0   251  1.05   4.8 
   0   245  1.09   4.9 
   0   238  0.98   5.0 
   0   231  1.00   5.2 
   0   233  1.06   5.1 
   0   250  0.87   4.8 
   0   244  0.94   4.9 
   0   248  0.90   4.8 
   0   254  0.94   4.7 
   0   250  0.96   4.8 
   0   232  0.98   5.1 
   0   267  0.89   4.5 
   0   259  0.90   4.6 
   0   254  0.88   4.7 
   0   257  0.86   4.6 
   0   258  0.80   4.6 
   0   249  0.85   4.8 
   0   230  0.89   5.2 
   0   237  0.84   5.0 
   0   223  0.86   5.4 
   0   219  0.88   5.4 
   0   209  0.93   5.7 
   0   204  1.03   5.8 
   0   213  0.89   5.6 
   0   195  0.96   6.1 
   0   209  0.93   5.7 
   0   213  0.89   5.6 
   0   197  1.06   6.0 
   0   206  0.97   5.8 
   0   205  1.02   5.8 
   0   199  1.07   6.0 
   0   210  0.97   5.7 
   0   206  1.05   5.8 
   0   201  1.08   5.9 
   0   197  1.09   6.1 
   0   193  1.09   6.2 
   0   212  0.91   5.6 
   0   208  0.87   5.7 
   0   216  0.86   5.5 
   0   212  0.86   5.6 
   0   204  0.94   5.9 
   0   218  0.80   5.5 
   0   218  0.83   5.5 
   0   219  0.85   5.5 
   0   202  0.93   5.9 
   0   216  0.81   5.5 
   0   218  0.79   5.5 
   0   217  0.78   5.5 
   0   217  0.78   5.5 
   0   204  0.83   5.9 
   0   217  0.76   5.5 
   0   212  0.73   5.6 
   0   215  0.79   5.6 
   0   211  0.71   5.7 
   0   219  0.70   5.4 
   0   215  0.67   5.6 
   0   216  0.67   5.5 
   0   227  0.61   5.3 
   0   226  0.58   5.3 
   0   225  0.57   5.3 
   0   225  0.56   5.3 
   0   251  0.47   4.8 
   0   240  0.49   5.0 
   0   235  0.49   5.1 
   0   238  0.49   5.0 
   0   229  0.49   5.2 
   0   231  0.44   5.2 
   0   235  0.42   5.1 
   0   242  0.41   4.9 
   0   250  0.36   4.8 
   0   237  0.41   5.0 
   0   239  0.39   5.0 
   0   252  0.34   4.7 
   0   246  0.37   4.9 
   0   249  0.35   4.8 
   0   241  0.38   5.0 
   0   246  0.35   4.9 
   0   240  0.36   5.0 
   0   245  0.34   4.9 
   0   260  0.34   4.6 
   0   251  0.34   4.8 
   0   272  0.31   4.4 
   0   265  0.32   4.5 
   0   268  0.31   4.5 
   0   264  0.30   4.5 
   0   271  0.28   4.4 
   0   256  0.29   4.7 
   0   258  0.30   4.6 
   0   268  0.28   4.5 
   0   274  0.26   4.4 
   0   271  0.27   4.4 
   0   275  0.26   4.3 
   0   267  0.27   4.5 
   0   254  0.27   4.7 
   0   256  0.26   4.7 
   0   263  0.28   4.6 
   0   270  0.25   4.4 
   0   276  0.25   4.3 
   0   280  0.25   4.3 
   0   299  0.21   3.9 
   0   278  0.24   4.3 
   0   273  0.24   4.4 
   0   272  0.22   4.4 
   0   275  0.20   4.3 
   0   284  0.23   4.2 
   0   278  0.21   4.1 
   0   298  0.20   4.0 
   0   281  0.22   4.2 
   0   282  0.21   4.2 
   0   281  0.22   4.2 
   0   312  0.22   3.8 
   0   302  0.21   3.8 
   0   349  0.20   3.4 
   0   307  0.23   3.9 
   0   345  0.21   3.5 
   0   342  0.22   3.5 
   0   353  0.22   3.4 
   0   361  0.23   3.3 
   0   369  0.23   3.2 
   0   380  0.24   3.1 
   0   385  0.32   3.1 
   0   383  0.32   3.1 
   0   399  0.31   3.0 
   0   385  0.31   3.1 
   0   419  0.26   2.9 
   0   378  0.25   3.2 
   0   396  0.25   3.0 
   0   359  0.30   3.3 
   0   390  0.39   3.1 
   0   361  0.46   3.3 
   0   363  0.47   3.3 
   0   362  0.46   3.3 
   0   366  0.43   3.3 
   0   397  0.47   3.0 
   0   397  0.38   2.9 
   0   392  0.39   3.0 
   0   314  0.41   3.0 
   0   397  0.32   2.9 
   0   364  0.37   3.3 
   0   382  0.40   3.1 
   0   367  0.32   3.3 
   0   349  0.30   3.4 
   0   362  0.36   3.3 
   0   366  0.35   3.3 
   0   376  0.32   3.2 
   0   375  0.29   3.2 
   0   372  0.30   3.2 
   0   360  0.31   3.3 
   0   385  0.28   3.1 
   0   399  0.27   3.0 
   0   375  0.31   3.2 
   0   388  0.29   3.1 
   0   385  0.32   3.1 
   0   366  0.29   3.3 
   0   341  0.27   3.5 
   0   328  0.28   3.6 
   0   374  0.29   3.2 
   0   388  0.31   3.1 
   0   354  0.31   3.4 
   0   362  0.31   3.3 
   0   371  0.31   3.2 
   0   386  0.31   3.1 
   0   394  0.32   3.0 
   0   368  0.29   3.1 
   0   384  0.26   3.1 
   0   380  0.28   3.0 
   0   354  0.27   2.8 
   0   369  0.28   2.8 
   0   394  0.26   2.7 
   0   361  0.21   3.1 
   0   354  0.24   2.9 
   0   357  0.25   2.9 
   0   377  0.25   3.0 
   0   389  0.27   3.0 
   0   379  0.24   3.0 
   0   377  0.24   3.0 
9999  9999 99.99 999.9 
   0   346  0.25   3.3 
   0   348  0.27   3.4 
   0   371  0.25   3.1 
   0   361  0.20   3.3 
   0   339  0.18   3.5 
   0   323  0.18   3.7 
   0   288  0.18   4.1 
   0   264  0.19   4.4 
   0   255  0.19   4.5 
   0   231  0.23   5.1 
9999  9999 99.99 999.9 
   0   159  0.34   7.4 
   0   125  0.53   9.5 
   0   163  0.40   7.3 
   0   151  0.45   7.8 
   0   126  0.60   9.5 
   0   131  0.53   9.1 
   0   117  0.59  10.1 
   0   124  0.61   9.6 
   0   102  0.86  11.7 
   0   106  0.91  11.2 
   0   112  0.77  10.6 
   0   108  1.00  11.1 
   0   114  0.85  10.4 
   0   121  0.79   9.8 
   0   107  0.96  11.1 
   0   109  1.15  11.0 
   0   109  0.98  10.9 
   0   120  1.06   9.9 
   0   170  0.92   7.0 
   0   209  1.00   5.7 
   0   215  1.29   5.6 
   0   200  1.32   6.0 
   0   204  1.42   5.8 
   0   194  1.61   6.1 
   0   194  1.61   6.1 
   0   202  1.51   5.9 
   0   186  1.86   6.4 
   0   182  1.78   6.6 
   0   186  1.75   6.4 
   0   190  1.78   6.3 
   0   171  2.09   7.0 
   0   185  1.84   6.4 
   0   176  1.92   6.8 
   0   169  1.95   7.0 
   0   187  1.78   6.4 
   0   180  1.67   6.7 
   0   195  1.46   6.1 
   0   182  1.61   6.6 
   0   167  1.68   7.2 
   0   181  1.56   6.5 
   0   173  1.47   6.9 
   0   167  1.69   7.1 
   0   185  1.47   6.5 
   0   181  1.59   6.6 
   0   185  1.48   6.4 
   0   177  1.62   6.8 
   0   194  1.41   6.1 
   0   183  1.55   6.5 
   0   194  1.37   6.1 
   0   173  1.60   6.9 
   0   177  1.53   6.7 
   0   193  1.38   6.2 
   0   195  1.32   6.1 
   0   179  1.52   6.7 
   0   195  1.33   6.1 
   0   192  1.27   6.2 
   0   197  1.15   6.0 
   0   186  1.29   6.4 
   0   178  1.33   6.7 
   0   182  1.26   6.6 
   0   191  1.26   6.2 
   0   199  1.12   6.0 
   0   188  1.15   6.3 
   0   193  1.12   6.2 
   0   191  1.12   6.3 
   0   193  1.10   6.2 
   0   181  1.04   6.6 
   0   187  0.88   6.4 
   0   185  0.91   6.5 
   0   193  0.86   6.2 
   0   191  0.83   6.2 
   0   189  0.78   6.3 
   0   194  0.72   6.1 
   0   184  0.76   6.5 
   0   187  0.78   6.4 
   0   196  0.69   6.1 
   0   229  0.64   5.2 
   0   216  0.74   5.5 
   0   200  0.78   5.9 
   0   218  0.67   5.5 
   0   207  0.74   5.8 
   0   190  0.81   6.3 
   0   192  0.77   6.2 
   0   192  0.74   6.2 
   0   201  0.73   5.9 
   0   204  0.77   5.8 
   0   226  0.75   5.3 
   0   225  0.70   5.3 
   0   200  0.75   6.0 
   0   198  0.79   6.0 
   0   218  0.65   5.5 
   0   200  0.79   6.0 
   0   213  0.76   5.6 
   0   204  0.87   5.8 
   0   205  0.92   5.8 
   0   206  0.96   5.8 
   0   199  1.04   6.0 
   0   210  1.09   5.7 
   0   216  1.05   5.5 
   0   219  1.14   5.4 
   0   222  1.13   5.4 
   0   207  1.20   5.8 
   0   205  1.29   5.8 
   0   191  1.55   6.2 
   0   188  1.52   5.9 
   0   209  1.52   5.7 
   0   198  1.65   6.0 
   0   196  1.58   6.1 
   0   170  1.78   6.5 
   0   178  1.49   5.9 
   0   215  1.44   5.6 
   0   206  1.35   5.8 
   0   193  1.56   6.2 
   0   197  1.49   6.0 
   0   191  1.59   6.2 
   0   196  1.49   6.1 
   0   197  1.42   6.0 
   0   195  1.46   6.1 
   0   197  1.48   6.1 
   0   197  1.55   6.0 
   0   178  1.90   6.7 
   0   182  1.89   6.5 
   0   187  1.84   6.4 
   0   177  1.93   6.7 
   0   173  1.80   6.9 
   0   190  1.64   6.3 
   0   177  1.75   6.7 
   0   181  1.73   6.6 
   0   171  1.73   6.9 
   0   170  1.87   7.0 
   0   183  1.71   6.5 
   0   181  1.72   6.6 
   0   190  1.53   6.3 
   0   183  1.54   6.5 
   0   199  1.50   6.0 
   0   186  1.58   6.4 
   0   187  1.55   6.4 
   0   190  1.43   6.3 
   0   195  1.46   6.1 
   0   183  1.62   6.5 
   0   189  1.51   6.3 
   0   181  1.61   6.6 
   0   181  1.55   6.6 
   0   173  1.70   6.9 
   0   189  1.51   6.3 
   0   192  1.42   6.2 
   0   193  1.47   6.1 
   0   187  1.58   6.4 
   0   181  1.69   6.6 
   0   183  1.66   6.5 
   0   185  1.65   6.5 
   0   192  1.67   6.2 
   0   177  1.84   6.7 
   0   178  1.78   6.7 
   0   175  1.93   6.8 
   0   174  2.04   6.8 
   0   179  1.95   6.7 
   0   175  2.13   6.8 
   0   188  1.76   6.4 
   0   177  2.00   6.7 
   0   179  1.86   6.7 
   0   190  1.64   6.3 
   0   182  1.62   6.5 
   0   179  1.67   6.7 
   0   181  1.65   6.6 
   0   184  1.62   6.5 
   0   192  1.47   6.2 
   0   196  1.38   6.1 
   0   180  1.57   6.6 
   0   208  1.30   5.8 
   0   203  1.35   5.9 
   0   202  1.25   5.9 
   0   193  1.34   6.1 
   0   204  1.33   5.9 
   0   207  1.18   5.8 
   0   215  1.18   5.6 
   0   213  1.15   5.6 
   0   210  1.32   5.7 
   0   215  1.24   5.6 
   0   214  1.36   5.6 
   0   213  1.30   5.6 
   0   207  1.32   5.8 
   0   219  1.38   5.5 
   0   214  1.26   5.6 
   0   212  1.24   5.6 
   0   204  1.51   5.9 
   0   204  1.56   5.9 
   0   210  1.56   5.7 
   0   209  1.41   5.7 
   0   220  1.29   5.4 
   0   224  1.23   5.3 
   0   225  1.15   5.3 
   0   215  1.13   5.6 
   0   221  1.18   5.4 
   0   233  1.08   5.1 
   0   218  1.20   5.5 
   0   215  1.21   5.6 
   0   220  1.24   5.4 
   0   224  1.18   5.3 
   0   222  1.17   5.4 
   0   223  1.17   5.4 
   0   216  1.22   5.5 
   0   220  1.13   5.4 
   0   227  1.10   5.3 
   0   230  1.16   5.2 
   0   235  1.06   5.1 
   0   241  1.20   5.0 
   0   241  1.16   4.9 
   0   227  1.21   5.3 
   0   230  1.28   5.2 
   0   230  1.18   5.2 
   0   227  1.18   5.3 
   0   229  1.24   5.2 
   0   242  1.11   4.9 
   0   228  1.20   5.2 
   0   229  1.22   5.2 
   0   225  1.17   5.3 
   0   241  1.19   5.0 
   0   223  1.39   5.3 
   0   227  1.34   5.3 
   0   220  1.50   5.4 
   0   229  1.27   5.2 
   0   211  1.46   5.7 
   0   216  1.46   5.5 
   0   226  1.39   5.3 
   0   222  1.46   5.4 
   0   212  1.61   5.6 
   0   213  1.44   5.6 
   0   211  1.59   5.6 
   0   221  1.57   5.4 
   0   219  1.59   5.4 
   0   218  1.56   5.5 
   0   213  1.68   5.6 
   0   209  1.65   5.7 
   0   214  1.65   5.6 
   0   215  1.69   5.6 
   0   203  1.70   5.9 
   0   199  1.70   6.0 
   0   213  1.61   5.6 
   0   220  1.61   5.4 
   0   206  1.60   5.8 
   0   205  1.58   5.8 
   0   216  1.48   5.5 
   0   214  1.56   5.6 
   0   202  1.52   5.9 
   0   208  1.60   5.8 
   0   205  1.58   5.8 
   0   225  1.34   5.3 
   0   215  1.52   5.5 
   0   217  1.43   5.5 
   0   216  1.42   5.5 
   0   207  1.52   5.8 
   0   205  1.53   5.8 
   0   213  1.51   5.6 
   0   202  1.53   5.7 
   0   204  1.56   5.8 
   0   211  1.45   5.7 
   0   207  1.42   5.7 
   0   215  1.36   5.6 
   0   231  1.15   5.2 
   0   224  1.37   5.3 
   0   235  1.30   5.1 
   0   228  1.32   5.2 
   0   230  1.37   5.2 
   0   223  1.38   5.4 
   0   227  1.41   5.3 
   0   223  1.40   5.4 
   0   242  1.16   4.9 
   0   239  1.24   5.0 
   0   216  1.31   5.5 
   0   220  1.33   5.4 
   0   221  1.29   5.4 
   0   232  1.25   5.1 
   0   223  1.32   5.3 
   0   235  1.27   5.1 
   0   225  1.25   5.3 
   0   228  1.32   5.2 
   0   217  1.20   5.5 
   0   234  1.19   5.1 
   0   222  1.33   5.3 
   0   233  1.16   5.1 
   0   226  1.28   5.3 
   0   216  1.35   5.5 
   0   217  1.35   5.5 
   0   208  1.44   5.7 
   0   232  1.22   5.2 
   0   219  1.31   5.5 
   0   208  1.39   5.7 
   0   213  1.37   5.6 
   0   220  1.38   5.4 
   0   220  1.36   5.4 
   0   212  1.36   5.6 
   0   222  1.30   5.4 
   0   216  1.36   5.5 
9999  9999 99.99 999.9 
   0   223  1.40   5.3 
   0   221  1.40   5.4 
   0   224  1.35   5.3 
   0   214  1.41   5.6 
   0   210  1.37   5.7 
   0   234  1.22   5.1 
   0   230  1.26   5.2 
   0   229  1.28   5.2 
   0   234  1.19   5.1 
   0   225  1.30   5.3 
   0   229  1.21   5.2 
   0   233  1.12   5.1 
   0   226  1.16   5.3 
   0   225  1.17   5.3 
   0   219  1.11   5.5 
   0   226  1.07   5.3 
   0   215  1.03   5.5 
   0   231  0.89   5.2 
   0   223  0.87   5.3 
   0   220  0.84   5.4 
   0   217  0.85   5.5 
   0   215  0.86   5.6 
   0   221  0.85   5.4 
   0   219  0.83   5.5 
   0   233  0.79   5.1 
   0   209  0.84   5.7 
   0   224  0.76   5.3 
   0   207  0.79   5.7 
   0   218  0.70   5.5 
   0   222  0.69   5.4 
   0   218  0.71   5.5 
   0   220  0.66   5.4 
   0   213  0.75   5.6 
   0   236  0.63   5.1 
   0   220  0.66   5.4 
   0   226  0.66   5.3 
   0   217  0.66   5.5 
   0   248  0.56   4.8 
   0   228  0.66   5.2 
   0   238  0.61   5.0 
   0   234  0.58   5.1 
   0   214  0.61   5.5 
   0   204  0.57   5.2 
   0   228  0.55   5.3 
   0   225  0.58   5.3 
   0   201  0.57   5.6 
   0   207  0.53   5.4 
   0   244  0.62   4.9 
   0   245  0.60   4.9 
   0   221  0.64   5.4 
   0   236  0.64   5.0 
   0   237  0.62   5.0 
   0   236  0.62   5.1 
   0   252  0.60   4.7 
   0   241  0.71   5.0 
   0   246  0.73   4.9 
   0   245  0.75   4.9 
   0   246  0.93   4.9 
   0   249  0.94   4.8 
   0   239  0.96   5.0 
   0   226  1.01   5.3 
   0   238  0.92   5.0 
   0   244  0.96   4.9 
   0   248  0.92   4.8 
   0   242  0.91   4.9 
   0   248  0.90   4.8 
   0   254  0.85   4.7 
   0   251  0.89   4.8 
   0   245  0.90   4.9 
   0   236  0.98   5.1 
   0   257  0.85   4.6 
   0   255  0.85   4.7 
   0   240  0.88   5.0 
   0   244  0.85   4.9 
   0   245  0.82   4.9 
   0   249  0.78   4.8 
   0   257  0.73   4.6 
   0   254  0.75   4.7 
   0   252  0.80   4.7 
   0   264  0.73   4.5 
   0   242  0.80   4.9 
   0   270  0.72   4.4 
   0   273  0.72   4.4 
   0   266  0.77   4.5 
   0   277  0.79   4.3 
   0   281  0.84   4.3 
   0   278  0.88   4.3 
   0   281  0.83   4.3 
   0   279  0.85   4.3 
   0   269  0.97   4.5 
   0   262  0.91   4.6 
   0   271  0.88   4.4 
   0   261  0.96   4.6 
   0   266  0.91   4.5 
   0   255  1.03   4.7 
   0   261  1.02   4.6 
   0   259  1.00   4.6 
   0   258  1.02   4.6 
   0   251  1.13   4.7 
   0   252  1.05   4.7 
   0   254  1.14   4.7 
   0   257  1.18   4.7 
   0   260  1.03   4.6 
   0   249  1.05   4.8 
   0   243  1.10   4.9 
   0   259  0.98   4.6 
   0   239  1.12   5.0 
   0   248  1.13   4.8 
   0   252  1.04   4.7 
   0   238  1.03   5.0 
   0   240  0.98   5.0 
   0   242  1.14   4.9 
   0   232  1.17   5.2 
   0   229  1.19   5.2 
   0   235  1.23   5.1 
   0   234  1.37   5.1 
   0   242  1.16   4.9 
   0   240  1.10   5.0 
   0   241  1.15   5.0 
   0   230  1.29   5.2 
   0   242  1.25   4.9 
   0   230  1.38   5.2 
   0   233  1.32   5.1 
   0   221  1.57   5.4 
   0   224  1.50   5.3 
   0   234  1.36   5.1 
   0   220  1.61   5.4 
   0   214  1.56   5.6 
   0   224  1.55   5.3 
   0   223  1.40   5.3 
   0   228  1.36   5.2 
   0   227  1.48   5.3 
   0   216  1.53   5.5 
   0   214  1.37   5.6 
   0   216  1.51   5.5 
   0   200  1.67   6.0 
   0   207  1.52   5.8 
   0   198  1.64   6.0 
   0   203  1.48   5.9 
   0   191  1.68   6.2 
   0   214  1.57   5.6 
   0   202  1.63   5.9 
   0   196  1.74   6.1 
   0   198  1.59   6.0 
   0   190  1.77   6.3 
   0   199  1.61   6.0 
   0   206  1.49   5.8 
   0   206  1.53   5.8 
   0   208  1.48   5.7 
   0   200  1.54   5.9 
   0   219  1.36   5.4 
   0   205  1.54   5.8 
   0   203  1.47   5.9 
   0   204  1.47   5.8 
   0   209  1.37   5.7 
   0   219  1.29   5.4 
   0   214  1.38   5.6 
   0   221  1.39   5.4 
   0   222  1.29   5.4 
   0   221  1.30   5.4 
   0   229  1.30   5.2 
   0   222  1.30   5.4 
   0   217  1.29   5.5 
   0   225  1.33   5.3 
   0   218  1.37   5.5 
   0   219  1.30   5.5 
   0   230  1.31   5.2 
   0   213  1.36   5.6 
   0   226  1.34   5.3 
   0   222  1.33   5.4 
   0   225  1.29   5.3 
   0   236  1.32   5.1 
   0   223  1.31   5.4 
   0   220  1.31   5.4 
   0   221  1.25   5.4 
   0   212  1.35   5.7 
   0   219  1.20   5.4 
   0   233  1.20   5.1 
   0   219  1.26   5.4 
   0   223  1.24   5.3 
   0   218  1.16   5.5 
   0   207  1.30   5.8 
   0   207  1.27   5.8 
   0   216  1.19   5.5 
   0   214  1.16   5.6 
   0   229  1.05   5.2 
   0   215  1.26   5.6 
   0   221  1.13   5.4 
   0   225  1.19   5.3 
   0   231  1.20   5.2 
   0   213  1.36   5.6 
   0   217  1.39   5.5 
   0   231  1.32   5.2 
   0   218  1.32   5.5 
   0   220  1.37   5.4 
   0   226  1.29   5.3 
   0   214  1.39   5.6 
   0   225  1.33   5.3 
   0   216  1.59   5.5 
   0   202  1.67   5.9 
   0   205  1.71   5.8 
   0   211  1.63   5.7 
   0   208  1.49   5.7 
   0   197  1.71   6.1 
   0   211  1.55   5.6 
   0   222  1.52   5.4 
   0   218  1.52   5.5 
   0   215  1.50   5.5 
   0   219  1.47   5.5 
   0   233  1.27   5.1 
   0   227  1.45   5.3 
   0   232  1.27   5.1 
   0   221  1.48   5.4 
   0   195  1.73   6.1 
   0   206  1.59   5.8 
   0   209  1.56   5.7 
   0   208  1.65   5.7 
   0   199  1.72   6.0 
   0   200  1.75   6.0 
   0   218  1.55   5.5 
   0   204  1.62   5.9 
   0   208  1.56   5.7 
   0   195  1.66   6.1 
   0   209  1.56   5.7 
   0   225  1.45   5.3 
   0   205  1.49   5.8 
   0   196  1.67   6.1 
   0   207  1.53   5.8 
   0   207  1.52   5.7 
   0   202  1.50   5.9 
   0   198  1.60   6.0 
   0   223  1.41   5.4 
   0   211  1.43   5.7 
   0   219  1.36   5.5 
   0   217  1.47   5.5 
   0   215  1.33   5.5 
   0   216  1.33   5.6 
   0   205  1.32   5.8 
   0   218  1.25   5.5 
   0   199  1.45   6.0 
   0   211  1.37   5.7 
   0   217  1.28   5.5 
   0   209  1.39   5.7 
   0   220  1.20   5.4 
   0   212  1.37   5.6 
   0   217  1.29   5.5 
   0   232  1.14   5.2 
   0   207  1.29   5.8 
   0   222  1.16   5.4 
   0   224  1.18   5.3 
   0   228  1.15   5.2 
   0   232  1.14   5.2 
   0   226  1.12   5.3 
   0   230  1.17   5.2 
   0   229  1.11   5.2 
   0   235  1.14   5.1 
   0   222  1.22   5.4 
   0   219  1.14   5.4 
   0   209  1.22   5.7 
   0   213  1.18   5.6 
   0   212  1.16   5.6 
   0   210  1.11   5.6 
   0   206  1.17   5.8 
   0   212  1.14   5.6 
   0   215  1.07   5.5 
   0   216  1.07   5.5 
   0   209  1.09   5.7 
   0   203  1.15   5.9 
   0   214  1.05   5.6 
   0   211  1.08   5.7 
   0   213  1.04   5.6 
   0   216  0.97   5.5 
   0   214  1.02   5.6 
   0   201  1.09   5.9 
   0   209  1.05   5.7 
   0   212  0.99   5.6 
   0   217  0.90   5.5 
   0   225  0.92   5.3 
   0   222  0.90   5.4 
   0   218  0.92   5.5 
   0   222  0.94   5.4 
   0   225  0.86   5.3 
   0   233  0.84   5.1 
   0   223  0.80   5.3 
   0   212  0.85   5.6 
   0   212  0.87   5.6 
   0   225  0.77   5.3 
   0   228  0.77   5.2 
   0   234  0.72   5.1 
   0   218  0.84   5.5 
   0   245  0.68   4.9 
   0   243  0.74   4.9 
   0   247  0.72   4.8 
   0   235  0.77   5.1 
   0   226  0.79   5.3 
   0   241  0.72   5.0 
   0   245  0.70   4.9 
   0   250  0.74   4.8 
   0   236  0.77   5.0 
   0   246  0.68   4.9 
   0   248  0.69   4.8 
   0   246  0.70   4.9 
   0   241  0.79   5.0 
   0   245  0.71   4.9 
   0   254  0.67   4.7 
   0   247  0.68   4.8 
   0   258  0.66   4.6 
   0   255  0.64   4.7 
   0   261  0.63   4.6 
   0   261  0.65   4.6 
   0   265  0.66   4.5 
   0   261  0.62   4.6 
   0   260  0.65   4.6 
   0   261  0.65   4.6 
9999  9999 99.99 999.9 
   0   258  0.61   4.6 
   0   258  0.65   4.6 
   0   268  0.63   4.5 
   0   277  0.60   4.3 
   0   271  0.60   4.4 
   0   270  0.56   4.4 
   0   266  0.57   4.5 
   0   263  0.61   4.5 
   0   250  0.60   4.6 
   0   247  0.59   4.8 
   0   258  0.56   4.6 
   0   259  0.55   4.5 
   0   276  0.51   4.3 
   0   259  0.56   4.6 
   0   267  0.47   4.3 
   0   282  0.42   4.2 
   0   254  0.44   4.3 
   0   249  0.43   4.6 
   0   259  0.40   4.6 
   0   248  0.39   4.8 
   0   254  0.39   4.7 
   0   259  0.38   4.6 
   0   264  0.34   4.5 
   0   253  0.38   4.7 
   0   271  0.35   4.4 
   0   285  0.31   4.2 
   0   298  0.30   4.0 
   0   312  0.28   3.8 
   0   304  0.30   3.9 
   0   310  0.33   3.9 
   0   336  0.33   3.6 
   0   351  0.36   3.2 
   0   344  0.40   3.4 
   0   326  0.47   3.4 
   0   331  0.52   3.6 
   0   334  0.57   3.5 
   0   254  0.68   3.8 
   0   246  0.61   3.8 
   0   309  0.63   3.8 
   0   292  0.55   3.7 
   0   257  0.56   4.0 
   0   273  0.60   4.2 
   0   260  0.66   4.6 
   0   254  0.68   4.7 
   0   238  0.79   5.0 
   0   256  0.75   4.7 
   0   275  0.69   4.3 
   0   269  0.71   4.5 
   0   257  0.80   4.6 
   0   250  0.84   4.8 
   0   258  0.79   4.6 
   0   250  0.76   4.8 
   0   260  0.75   4.6 
   0   275  0.75   4.3 
   0   271  0.76   4.4 
   0   269  0.71   4.4 
   0   262  0.72   4.6 
   0   253  0.70   4.7 
   0   253  0.68   4.7 
   0   247  0.60   4.8 
   0   239  0.66   5.0 
   0   244  0.60   4.9 
   0   240  0.62   5.0 
   0   233  0.56   5.1 
   0   248  0.51   4.8 
   0   238  0.51   5.0 
   0   254  0.46   4.7 
   0   259  0.47   4.6 
   0   247  0.46   4.8 
   0   245  0.43   4.9 
   0   275  0.38   4.4 
   0   262  0.39   4.6 
   0   256  0.40   4.7 
   0   261  0.37   4.6 
   0   265  0.36   4.5 
   0   266  0.34   4.5 
   0   264  0.36   4.5 
   0   252  0.36   4.7 
   0   281  0.31   4.3 
   0   273  0.34   4.4 
   0   259  0.32   4.6 
   0   266  0.32   4.5 
   0   255  0.32   4.7 
   0   288  0.27   4.1 
   0   323  0.31   3.7 
   0   343  0.34   3.5 
   0   347  0.41   3.4 
   0    88  0.61   3.5 
   0   322  0.63   3.7 
   0   310  0.68   3.9 
   0   296  0.77   4.0 
   0   281  0.87   4.3 
   0   252  1.04   4.7 
   0   243  1.19   4.9 
   0   222  1.43   5.4 
   0   224  1.50   5.3 
   0   209  1.78   5.7 
   0   212  1.72   5.6 
   0   220  1.70   5.4 
   0   203  1.96   5.9 
   0   193  2.08   6.2 
   0   188  2.30   6.3 
   0   201  2.09   5.9 
   0   195  2.01   6.1 
   0   193  1.98   6.2 
   0   199  1.91   6.0 
   0   204  1.88   5.9 
   0   213  1.69   5.6 
   0   202  1.85   5.9 
   0   200  1.96   6.0 
   0   192  2.05   6.0 
   0   184  2.18   6.5 
   0   179  2.30   6.7 
   0   169  2.60   7.1 
   0   165  2.75   7.2 
   0   164  2.73   7.3 
   0   166  2.81   7.2 
   0   167  2.78   7.2 
   0   166  2.61   7.2 
   0   178  2.36   6.7 
   0   171  2.42   6.9 
   0   171  2.37   7.0 
   0   180  2.28   6.6 
   0   184  2.31   6.5 
   0   184  2.18   6.5 
   0   177  2.26   6.7 
   0   168  2.57   7.1 
   0   181  2.39   6.6 
   0   183  2.21   6.5 
   0   179  2.18   6.6 
   0   172  2.23   7.0 
   0   171  2.19   7.0 
   0   183  2.05   6.5 
   0   177  1.84   6.7 
   0   204  1.66   5.9 
   0   186  1.70   6.4 
   0   204  1.65   5.9 
   0   202  1.59   5.9 
   0   203  1.61   5.9 
   0   201  1.52   5.9 
   0   194  1.55   6.1 
   0   190  1.54   6.3 
   0   207  1.47   5.8 
   0   208  1.39   5.7 
   0   206  1.39   5.8 
   0   219  1.29   5.5 
   0   202  1.46   5.9 
   0   212  1.41   5.6 
   0   210  1.34   5.6 
   0   200  1.38   6.0 
   0   218  1.24   5.5 
   0   213  1.15   5.6 
   0   201  1.28   5.9 
   0   219  1.11   5.4 
   0   213  1.13   5.6 
   0   196  1.27   6.1 
   0   208  1.17   5.7 
   0   212  1.11   5.7 
   0   218  1.07   5.5 
   0   232  1.06   5.2 
   0   217  1.08   5.5 
   0   214  1.05   5.6 
   0   204  0.99   5.9 
   0   210  0.97   5.7 
   0   215  0.91   5.6 
   0   208  0.91   5.7 
   0   212  0.77   5.6 
   0   225  0.72   5.3 
   0   222  0.75   5.4 
   0   215  0.72   5.6 
   0   224  0.67   5.3 
   0   201  0.70   5.9 
   0   214  0.68   5.6 
   0   208  0.68   5.8 
   0   205  0.67   5.8 
   0   224  0.59   5.3 
   0   220  0.58   5.4 
   0   205  0.64   5.8 
   0   207  0.66   5.8 
   0   200  0.61   6.0 
   0   213  0.61   5.6 
   0   222  0.59   5.4 
   0   246  0.58   4.8 
   0   232  0.62   5.1 
   0   243  0.61   4.9 
   0   243  0.59   4.9 
   0   237  0.65   5.0 
   0   223  0.58   5.3 
   0   230  0.57   5.2 
   0   223  0.56   5.3 
   0   226  0.51   5.3 
   0   229  0.54   5.2 
   0   220  0.55   5.4 
   0   227  0.51   5.1 
   0   220  0.54   5.3 
   0   219  0.62   5.4 
   0   212  0.59   5.2 
   0   204  0.64   5.6 
   0   226  0.60   5.0 
   0   233  0.61   4.8 
   0   242  0.55   4.7 
   0   227  0.62   5.2 
   0   249  0.58   4.5 
   0   278  0.50   4.3 
   0   227  0.58   5.2 
   0   226  0.59   4.9 
   0   228  0.55   5.0 
   0   232  0.55   5.1 
   0   243  0.54   4.9 
   0   227  0.51   5.3 
   0   233  0.52   5.1 
   0   229  0.47   5.2 
   0   210  0.55   5.7 
   0   223  0.51   5.3 
   0   226  0.48   5.3 
   0   212  0.51   5.6 
   0   226  0.43   5.3 
   0   240  0.40   5.0 
   0   248  0.37   4.8 
   0   228  0.39   5.2 
   0   234  0.39   5.1 
   0   242  0.39   4.9 
   0   243  0.36   4.9 
   0   249  0.34   4.8 
   0   249  0.35   4.8 
   0   255  0.32   4.7 
   0   252  0.33   4.7 
   0   268  0.31   4.5 
   0   246  0.33   4.9 
   0   256  0.30   4.7 
   0   244  0.31   4.9 
   0   247  0.30   4.8 
   0   241  0.32   5.0 
   0   247  0.30   4.8 
   0   241  0.32   4.9 
   0   240  0.30   5.0 
   0   253  0.28   4.7 
   0   254  0.29   4.7 
   0   279  0.28   4.3 
   0   275  0.27   4.3 
   0   249  0.27   4.6 
   0   232  0.28   4.7 
   0   251  0.27   4.8 
   0   249  0.26   4.7 
   0   256  0.26   4.3 
   0   265  0.26   4.5 
   0   259  0.26   4.6 
   0   250  0.27   4.3 
   0   249  0.26   4.4 
   0   155  0.24   4.3 
   0   220  0.25   4.4 
   0   266  0.24   4.4 
   0   232  0.26   4.8 
   0   264  0.24   4.4 
   0   256  0.25   4.4 
   0   261  0.24   4.3 
   0   261  0.23   4.4 
   0   240  0.22   4.3 
   0   260  0.23   4.3 
   0   258  0.25   4.5 
   0   251  0.23   4.5 
   0   247  0.23   4.6 
   0   269  0.21   4.3 
   0   275  0.21   4.2 
   0   258  0.23   4.5 
   0   264  0.21   4.3 
   0   273  0.23   4.2 
   0   264  0.23   4.4 
   0   298  0.21   4.0 
   0   280  0.22   4.0 
   0   271  0.22   4.3 
   0   286  0.23   4.2 
   0   313  0.22   3.8 
   0   318  0.21   3.8 
   0   319  0.21   3.7 
   0   315  0.23   3.8 
   0   335  0.24   3.6 
   0   355  0.26   3.4 
   0   330  0.26   3.6 
   0   354  0.28   3.4 
   0   340  0.29   3.5 
   0   380  0.27   3.1 
   0   369  0.32   3.2 
   0   373  0.31   3.2 
9999  9999 99.99 999.9 
   0   372  0.28   3.2 
   0   371  0.25   3.2 
   0   366  0.27   3.3 
   0   379  0.26   3.2 
   0   376  0.26   3.2 
   0   383  0.28   3.1 
   0   384  0.29   3.1 
   0   405  0.30   3.0 
   0   405  0.44   3.0 
   0   406  0.44   2.9 
   0   406  0.38   2.9 
   0   386  0.41   3.1 
   0   411  0.32   2.9 
   0   400  0.36   3.0 
   0   383  0.40   3.1 
   0   390  0.38   3.1 
   0   388  0.33   3.1 
   0   381  0.32   3.1 
   0   395  0.28   3.0 
   0   383  0.27   3.1 
   0   363  0.24   3.3 
   0   373  0.24   3.2 
   0   360  0.23   3.3 
   0   382  0.25   3.1 
   0   393  0.28   3.0 
   0   378  0.27   3.1 
   0   397  0.23   3.0 
   0   388  0.23   3.1 
   0   348  0.24   3.0 
   0   260  0.26   3.1 
   0   285  0.27   2.9 
   0   311  0.24   3.1 
   0   389  0.29   3.0 
   0   404  0.29   2.9 
   0   398  0.34   3.0 
   0   374  0.35   3.2 
   0   332  0.29   3.1 
   0   388  0.29   3.1 
   0   388  0.28   3.0 
   0   392  0.29   3.0 
   0   392  0.32   3.0 
   0   370  0.38   3.2 
   0   361  0.38   3.3 
   0   348  0.53   3.4 
   0   324  0.71   3.7 
   0   220  1.04   4.3 
   0   242  1.19   4.4 
   0   214  1.32   4.8 
   0   225  1.57   5.2 
   0   196  1.87   6.1 
   0   207  1.91   5.8 
   0   201  1.86   6.0 
   0   196  1.86   5.9 
   0   192  1.99   6.2 
   0   196  1.98   6.1 
   0   185  2.17   6.4 
   0   181  2.25   6.6 
   0   185  2.22   6.4 
   0   195  2.09   6.1 
   0   187  2.19   6.4 
   0   173  2.40   6.9 
   0   140  2.46   7.1 
   0   154  2.72   7.4 
   0   160  2.77   7.4 
   0   159  2.29   7.2 
   0   146  2.84   7.8 
   0   158  2.52   7.5 
   0   153  2.89   7.8 
   0   158  2.91   7.5 
   0   161  2.83   7.4 
   0   163  2.74   7.3 
   0   164  2.70   7.3 
   0   160  2.71   7.4 
   0   156  2.74   7.7 
   0   148  2.96   8.0 
   0   151  2.91   7.9 
   0   165  2.50   7.2 
   0   174  2.32   6.9 
   0   169  2.30   7.0 
   0   156  2.63   7.6 
   0   170  2.21   7.0 
   0   180  1.82   6.6 
   0   191  1.69   6.2 
   0   180  1.80   6.6 
   0   197  1.56   6.1 
   0   187  1.79   6.4 
   0   196  1.76   6.1 
   0   193  1.80   6.2 
   0   194  1.67   6.1 
   0   191  1.80   6.3 
   0   187  1.69   6.4 
   0   203  1.56   5.8 
   0   209  1.45   5.7 
   0   198  1.58   6.0 
   0   186  1.69   6.4 
   0   201  1.67   6.0 
   0   195  1.85   6.1 
   0   199  1.71   6.0 
   0   188  1.74   6.4 
   0   203  1.66   5.8 
   0   192  1.98   6.2 
   0   184  2.04   6.5 
   0   194  1.87   6.2 
   0   190  1.95   6.3 
   0   200  1.94   6.0 
   0   183  1.90   6.5 
   0   190  1.90   6.3 
   0   191  2.01   6.2 
   0   183  2.08   6.5 
   0   187  2.05   6.4 
   0   182  1.91   6.5 
   0   190  1.90   6.3 
   0   189  1.91   6.3 
   0   180  2.07   6.6 
   0   186  1.94   6.4 
   0   176  1.98   6.7 
   0   179  1.95   6.7 
   0   192  1.73   6.2 
   0   187  1.70   6.4 
   0   180  1.77   6.6 
   0   199  1.61   6.0 
   0   191  1.60   6.2 
   0   203  1.60   5.9 
   0   191  1.76   6.3 
   0   175  1.99   6.8 
   0   187  1.91   6.4 
   0   188  1.85   6.3 
   0   172  1.94   7.0 
   0   213  1.51   5.6 
   0   182  1.83   6.6 
   0   205  1.70   5.8 
   0   208  1.64   5.7 
   0   200  1.58   6.0 
   0   213  1.62   5.6 
   0   190  1.83   6.3 
   0   203  1.59   5.9 
   0   209  1.54   5.7 
   0   203  1.59   5.9 
   0   198  1.62   6.0 
   0   209  1.53   5.7 
   0   204  1.48   5.9 
   0   211  1.43   5.6 
   0   210  1.49   5.7 
   0   202  1.70   5.9 
   0   194  1.62   6.2 
   0   195  1.66   6.1 
   0   186  1.85   6.4 
   0   188  1.89   6.4 
   0   188  1.85   6.3 
   0   205  1.58   5.9 
   0   193  1.63   6.1 
   0   207  1.51   5.8 
   0   207  1.50   5.8 
   0   211  1.38   5.6 
   0   220  1.33   5.4 
   0   209  1.33   5.7 
   0   223  1.28   5.3 
   0   216  1.33   5.5 
   0   202  1.38   5.9 
   0   214  1.19   5.6 
   0   202  1.40   5.9 
   0   208  1.27   5.7 
   0   204  1.35   5.8 
   0   211  1.31   5.7 
   0   199  1.35   6.0 
   0   212  1.38   5.6 
   0   202  1.44   5.9 
   0   210  1.38   5.6 
   0   224  1.27   5.3 
   0   231  1.25   5.2 
   0   217  1.31   5.5 
   0   223  1.20   5.3 
   0   220  1.24   5.4 
   0   208  1.37   5.7 
   0   217  1.28   5.5 
   0   227  1.23   5.3 
   0   213  1.27   5.6 
   0   225  1.16   5.3 
   0   217  1.17   5.5 
   0   207  1.32   5.8 
   0   212  1.29   5.6 
   0   206  1.36   5.8 
   0   205  1.35   5.8 
   0   221  1.40   5.4 
   0   211  1.40   5.7 
   0   206  1.39   5.8 
   0   219  1.25   5.4 
   0   208  1.40   5.7 
   0   210  1.30   5.7 
   0   226  1.19   5.3 
   0   206  1.34   5.8 
   0   212  1.33   5.6 
   0   205  1.31   5.8 
   0   216  1.24   5.5 
   0   213  1.14   5.6 
   0   209  1.25   5.7 
   0   233  1.10   5.1 
   0   218  1.17   5.5 
   0   218  1.24   5.5 
   0   229  1.16   5.2 
   0   230  1.12   5.2 
   0   221  1.22   5.4 
   0   229  1.20   5.2 
   0   220  1.23   5.4 
   0   228  1.14   5.2 
   0   225  1.12   5.3 
   0   247  1.01   4.8 
   0   237  0.99   5.0 
   0   253  0.95   4.7 
   0   245  0.95   4.9 
   0   227  1.10   5.3 
   0   223  1.18   5.4 
   0   236  1.08   5.1 
   0   233  0.97   5.1 
   0   234  1.05   5.1 
   0   226  1.06   5.3 
   0   238  1.07   5.0 
   0   237  0.99   5.1 
   0   218  1.04   5.5 
   0   240  1.06   5.0 
   0   232  1.05   5.1 
   0   241  1.06   4.9 
   0   220  0.97   5.0 
   0   211  0.97   5.3 
   0   202  1.05   5.6 
   0   216  1.01   5.5 
   0   206  1.03   5.8 
   0   228  0.98   5.2 
   0   237  0.92   5.0 
   0   238  0.92   5.0 
   0   236  0.86   5.0 
   0   239  0.94   5.0 
   0   237  1.03   5.0 
   0   245  1.08   4.9 
   0   230  1.17   5.2 
   0   233  1.15   5.1 
   0   226  1.19   5.3 
   0   231  1.13   5.2 
   0   221  1.20   5.4 
   0   237  1.14   5.1 
   0   224  1.20   5.3 
   0   234  1.17   5.1 
   0   226  1.12   5.3 
   0   229  1.16   5.2 
   0   234  1.10   5.1 
   0   237  1.12   5.0 
   0   234  1.11   5.1 
   0   229  1.14   5.2 
   0   234  1.07   5.1 
   0   232  1.14   5.2 
   0   231  1.17   5.2 
   0   224  1.32   5.4 
   0   224  1.40   5.3 
   0   213  1.57   5.6 
   0   216  1.33   5.5 
   0   225  1.40   5.3 
   0   218  1.36   5.5 
   0   232  1.30   5.2 
   0   224  1.36   5.3 
   0   216  1.51   5.5 
   0   222  1.36   5.4 
   0   225  1.30   5.3 
   0   217  1.44   5.5 
   0   228  1.25   5.2 
   0   231  1.32   5.2 
   0   238  1.29   5.0 
   0   233  1.32   5.1 
   0   223  1.35   5.3 
   0   230  1.38   5.2 
   0   224  1.43   5.3 
   0   226  1.45   5.3 
   0   227  1.33   5.3 
   0   220  1.52   5.4 
   0   228  1.37   5.2 
   0   229  1.43   5.2 
   0   224  1.55   5.3 
   0   223  1.61   5.4 
   0   224  1.47   5.3 
   0   224  1.57   5.3 
   0   212  1.67   5.6 
   0   218  1.64   5.5 
   0   227  1.50   5.2 
   0   226  1.53   5.3 
   0   228  1.47   5.2 
   0   209  1.61   5.7 
   0   224  1.44   5.3 
   0   215  1.49   5.5 
   0   204  1.64   5.8 
   0   207  1.75   5.7 
   0   218  1.56   5.5 
   0   216  1.52   5.5 
   0   212  1.55   5.6 
   0   222  1.46   5.4 
   0   218  1.51   5.5 
   0   215  1.67   5.5 
   0   218  1.56   5.5 
   0   216  1.59   5.5 
   0   225  1.63   5.3 
   0   218  1.60   5.5 
   0   218  1.64   5.5 
   0   206  1.76   5.8 
   0   219  1.52   5.4 
   0   215  1.72   5.5 
   0   205  1.85   5.8 
   0   208  1.80   5.7 
   0   208  1.77   5.7 
   0   198  1.86   6.0 
   0   199  1.73   6.0 
   0   203  1.71   5.9 
   0   199  1.84   6.0 
   0   212  1.75   5.6 
   0   204  1.92   5.8 
   0   210  1.70   5.7 
   0   204  1.76   5.8 
   0   212  1.72   5.7 
   0   217  1.68   5.5 
   0   197  1.73   6.1 
   0   212  1.64   5.6 
   0   203  1.65   5.9 
   0   200  1.71   6.0 
   0   193  1.83   6.1 
   0   193  1.81   6.2 
   0   229  1.42   5.2 
   0   207  1.60   5.8 
   0   217  1.35   5.5 
   0   219  1.32   5.4 
   0   199  1.58   6.0 
   0   208  1.40   5.7 
   0   207  1.44   5.8 
   0   224  1.37   5.3 
   0   220  1.37   5.4 
   0   214  1.49   5.6 
   0   216  1.47   5.5 
   0   211  1.59   5.7 
   0   211  1.46   5.6 
   0   199  1.55   6.0 
   0   215  1.27   5.5 
   0   211  1.53   5.6 
   0   216  1.52   5.5 
   0   206  1.74   5.8 
   0   191  1.88   6.3 
   0   184  2.06   6.5 
   0   189  2.09   6.3 
   0   189  2.06   6.3 
   0   189  2.15   6.3 
   0   181  2.14   6.6 
   0   192  2.09   6.2 
   0   175  2.16   6.8 
   0   182  2.14   6.5 
   0   194  1.93   6.1 
   0   188  2.13   6.3 
   0   198  1.96   6.0 
   0   183  2.13   6.5 
   0   196  2.24   6.1 
   0   193  2.07   6.2 
   0   196  1.83   6.1 
   0   196  1.86   6.1 
   0   192  1.65   6.2 
   0   189  1.82   6.3 
   0   196  1.63   6.1 
   0   192  1.66   6.2 
   0   198  1.55   6.0 
   0   176  1.77   6.8 
   0   180  1.69   6.6 
   0   183  1.74   6.5 
   0   183  1.54   6.5 
   0   185  1.55   6.4 
   0   175  1.76   6.8 
   0   168  1.68   7.1 
   0   170  1.73   7.0 
   0   183  1.56   6.5 
   0   177  1.50   6.7 
   0   180  1.63   6.6 
   0   170  1.62   7.0 
   0   181  1.48   6.5 
   0   186  1.33   6.3 
   0   167  1.59   7.1 
   0   154  1.61   7.8 
   0   171  1.53   7.0 
   0   173  1.54   6.9 
   0   183  1.40   6.5 
   0   166  1.55   7.1 
   0   159  1.64   7.5 
   0   175  1.51   6.8 
   0   181  1.44   6.6 
   0   175  1.51   6.8 
   0   183  1.41   6.5 
   0   167  1.55   7.1 
   0   178  1.49   6.7 
   0   192  1.48   6.2 
   0   177  1.56   6.7 
   0   183  1.63   6.5 
   0   184  1.62   6.5 
   0   202  1.40   5.9 
   0   197  1.56   6.1 
   0   197  1.51   6.0 
   0   183  1.48   6.5 
   0   197  1.54   6.1 
   0   196  1.48   6.1 
   0   191  1.46   6.2 
   0   206  1.32   5.8 
   0   192  1.37   6.2 
   0   198  1.35   6.0 
   0   208  1.19   5.7 
   0   194  1.21   6.2 
   0   205  1.12   5.7 
   0   217  1.02   5.5 
   0   206  1.18   5.8 
   0   211  1.16   5.7 
   0   203  1.16   5.9 
   0   210  1.04   5.7 
   0   209  1.09   5.7 
   0   205  1.01   5.8 
   0   198  1.07   6.0 
   0   205  0.94   5.8 
   0   211  0.95   5.7 
   0   212  0.89   5.6 
   0   224  0.86   5.3 
   0   212  0.90   5.6 
   0   222  0.89   5.4 
   0   221  0.96   5.4 
   0   228  0.85   5.2 
   0   225  0.86   5.3 
   0   221  0.87   5.4 
   0   218  0.98   5.5 
   0   233  0.89   5.1 
   0   241  0.85   5.0 
   0   238  0.90   5.0 
   0   238  0.85   5.0 
   0   237  0.86   5.0 
   0   232  0.82   5.1 
   0   244  0.77   4.9 
   0   232  0.76   5.1 
   0   257  0.69   4.6 
   0   230  0.77   5.2 
   0   234  0.73   5.1 
   0   243  0.66   4.9 
   0   244  0.67   4.9 
   0   241  0.66   5.0 
   0   242  0.65   4.9 
   0   243  0.68   4.9 
   0   244  0.66   4.9 
   0   247  0.62   4.8 
   0   246  0.63   4.9 
   0   247  0.63   4.8 
   0   250  0.64   4.8 
   0   241  0.67   5.0 
   0   243  0.66   4.9 
   0   254  0.60   4.7 
   0   242  0.63   4.9 
   0   248  0.60   4.8 
   0   245  0.63   4.9 
   0   248  0.58   4.8 
   0   234  0.63   5.1 
   0   244  0.59   4.9 
   0   244  0.64   4.9 
   0   265  0.55   4.5 
   0   244  0.61   4.9 
   0   252  0.63   4.7 
   0   258  0.57   4.6 
   0   259  0.62   4.6 
   0   263  0.59   4.5 
   0   266  0.59   4.5 
   0   273  0.60   4.4 
   0   271  0.60   4.4 
   0   282  0.55   4.2 
   0   282  0.60   4.2 
   0   280  0.60   4.3 
   0   290  0.62   4.1 
   0   292  0.63   4.1 
   0   287  0.62   4.2 
   0   270  0.68   4.4 
   0   265  0.68   4.4 
   0   280  0.66   4.3 
   0   268  0.74   4.5 
   0   274  0.74   4.4 
   0   275  0.76   4.3 
   0   269  0.74   4.4 
   0   272  0.78   4.4 
   0   264  0.78   4.5 
   0   261  0.83   4.6 
   0   262  0.78   4.6 
   0   257  0.82   4.6 
   0   253  0.80   4.7 
   0   256  0.84   4.7 
   0   257  0.83   4.7 
   0   245  0.85   4.8 
   0   260  0.78   4.6 
   0   244  0.84   4.9 
   0   256  0.85   4.7 
   0   255  0.86   4.7 
   0   237  0.96   5.1 
   0   240  0.89   5.0 
   0   246  0.89   4.8 
   0   215  1.07   5.6 
   0   230  1.00   5.2 
   0   219  1.03   5.5 
   0   222  1.08   5.4 
   0   234  0.97   5.1 
   0   235  0.95   5.1 
   0   227  0.97   5.3 
   0   228  1.02   5.2 
   0   223  1.05   5.4 
   0   224  1.01   5.3 
   0   229  1.01   5.2 
   0   210  1.18   5.7 
   0   219  1.17   5.4 
   0   219  1.14   5.5 
   0   216  1.18   5.5 
   0   214  1.22   5.6 
   0   202  1.30   5.9 
   0   211  1.29   5.7 
   0   204  1.37   5.8 
   0   201  1.48   6.0 
   0   196  1.48   6.1 
   0   195  1.47   6.1 
   0   188  1.64   6.3 
   0   210  1.44   5.7 
   0   194  1.54   6.2 
   0   165  1.98   7.2 
   0   191  1.62   6.2 
   0   183  1.76   6.5 
   0   184  1.65   6.5 
   0   184  1.60   6.5 
   0   177  1.81   6.7 
   0   187  1.67   6.4 
   0   197  1.63   6.0 
   0   191  1.59   6.3 
   0   190  1.57   6.3 
   0   199  1.54   6.0 
   0   191  1.79   6.3 
   0   189  1.86   6.3 
   0   196  1.67   6.1 
   0   201  1.71   5.9 
   0   192  1.68   6.2 
   0   190  1.73   6.3 
   0   210  1.48   5.7 
   0   206  1.52   5.8 
   0   204  1.44   5.8 
   0   204  1.37   5.8 
   0   217  1.25   5.5 
   0   203  1.38   5.9 
   0   219  1.29   5.5 
   0   211  1.26   5.6 
   0   218  1.20   5.5 
   0   213  1.20   5.6 
   0   219  1.27   5.5 
   0   219  1.21   5.5 
   0   222  1.18   5.4 
   0   210  1.23   5.7 
   0   218  1.21   5.5 
   0   208  1.20   5.7 
   0   230  1.05   5.2 
   0   219  1.10   5.4 
   0   220  1.01   5.4 
   0   213  1.06   5.6 
   0   214  1.07   5.6 
   0   213  1.06   5.6 
   0   235  0.90   5.1 
   0   218  0.99   5.5 
   0   219  1.00   5.5 
   0   226  0.89   5.3 
   0   214  0.97   5.6 
   0   223  0.89   5.4 
   0   224  0.85   5.3 
   0   229  0.84   5.2 
   0   231  0.84   5.2 
   0   231  0.77   5.2 
   0   217  0.87   5.5 
   0   237  0.77   5.0 
   0   227  0.79   5.3 
   0   225  0.74   5.3 
   0   223  0.72   5.4 
   0   218  0.73   5.5 
   0   228  0.71   5.2 
   0   225  0.71   5.3 
   0   229  0.71   5.2 
   0   224  0.71   5.3 
   0   239  0.65   5.0 
   0   222  0.74   5.4 
   0   233  0.62   5.1 
   0   228  0.73   5.3 
   0   217  0.77   5.5 
   0   214  0.77   5.6 
   0   211  0.78   5.7 
   0   202  0.83   5.9 
   0   226  0.73   5.3 
   0   224  0.72   5.3 
   0   223  0.69   5.4 
   0   230  0.63   5.2 
   0   224  0.70   5.3 
   0   221  0.65   5.4 
   0   222  0.66   5.4 
   0   229  0.60   5.2 
   0   213  0.66   5.6 
   0   201  0.76   6.0 
   0   208  0.68   5.7 
   0   206  0.69   5.8 
   0   209  0.67   5.7 
   0   201  0.69   5.9 
   0   225  0.56   5.3 
   0   211  0.56   5.7 
   0   218  0.56   5.5 
   0   215  0.58   5.5 
   0   218  0.52   5.5 
   0   217  0.50   5.5 
   0   213  0.55   5.6 
   0   221  0.49   5.4 
   0   224  0.44   5.3 
   0   224  0.46   5.3 
   0   210  0.46   5.7 
   0   220  0.44   5.4 
   0   243  0.40   4.9 
   0   266  0.35   4.5 
   0   270  0.37   4.4 
   0   294  0.39   4.1 
   0   304  0.40   3.9 
   0   277  0.37   4.3 
   0   301  0.36   4.0 
   0   319  0.42   3.8 
   0   330  0.43   3.6 
   0   343  0.45   3.5 
   0   325  0.49   3.7 
   0   344  0.48   3.5 
