                       
   0   338  0.47   3.5 
   0   339  0.49   3.5 
   0   353  0.48   3.4 
   0   334  0.44   3.6 
   0   325  0.38   3.7 
   0   292  0.43   4.1 
   0   319  0.39   3.8 
   0   301  0.40   4.0 
   0   305  0.42   3.9 
   0   334  0.49   3.6 
   0   340  0.61   3.5 
   0   331  0.60   3.6 
   0   321  0.61   3.7 
   0   300  0.67   4.0 
   0   341  0.61   3.5 
   0   336  0.64   3.6 
   0   348  0.61   3.4 
   0   335  0.53   3.6 
   0   343  0.50   3.5 
   0   325  0.45   3.7 
   0   356  0.42   3.4 
   0   330  0.44   3.6 
   0   336  0.41   3.5 
   0   297  0.41   4.0 
   0   275  0.39   4.1 
   0   276  0.46   4.3 
   0   275  0.48   4.3 
   0   241  0.55   5.0 
   0   258  0.57   4.6 
   0   249  0.68   4.8 
   0   235  0.69   4.8 
   0   242  0.74   4.9 
   0   280  0.76   4.3 
   0   260  0.93   4.6 
   0   247  0.93   4.8 
   0   236  1.12   5.1 
   0   224  1.47   5.3 
   0   207  1.71   5.8 
   0   202  1.69   5.9 
   0   202  1.88   5.9 
   0   204  1.81   5.8 
   0   199  1.92   6.0 
   0   186  2.15   6.4 
   0   189  1.94   6.3 
   0   188  2.02   6.4 
   0   179  2.13   6.6 
   0   179  2.13   6.7 
   0   180  2.11   6.6 
   0   192  2.08   6.2 
   0   170  2.40   7.0 
   0   171  2.34   7.0 
   0   176  2.38   6.8 
   0   162  2.54   7.1 
   0   173  2.62   6.9 
   0   177  2.48   6.7 
   0   170  2.69   7.0 
   0   162  2.67   7.0 
   0   179  2.49   6.6 
   0   168  2.36   6.9 
   0   169  2.37   6.7 
   0   160  2.58   7.1 
   0   155  2.21   6.7 
   0   170  2.57   6.7 
   0   160  2.25   6.5 
   0   150  2.44   6.8 
   0   170  2.48   6.6 
   0   178  2.45   6.7 
   0   184  2.23   6.5 
   0   135  2.54   7.1 
   0   165  2.57   7.1 
   0   170  2.44   6.8 
   0   168  2.31   6.3 
   0   172  2.36   6.6 
   0   119  2.58   7.2 
   0   154  2.68   7.0 
   0   159  2.65   6.9 
   0   157  2.64   7.0 
   0   137  3.21   8.2 
   0   136  3.01   7.5 
   0   143  3.19   8.1 
   0   160  2.86   7.4 
   0   160  2.81   7.4 
   0   153  2.98   7.4 
   0   163  2.95   7.3 
   0   160  2.94   7.4 
   0   158  2.81   7.5 
   0   154  2.89   7.7 
   0   157  3.05   7.6 
   0   156  3.02   7.7 
   0   157  2.81   7.6 
   0   161  3.01   7.4 
   0   153  3.11   7.7 
   0   143  3.36   8.4 
   0   152  3.06   7.8 
   0   152  2.95   7.7 
   0   163  2.62   7.3 
   0   157  2.97   7.6 
   0   159  2.83   7.5 
   0   158  2.62   7.5 
   0   152  2.82   7.9 
   0   153  2.95   7.7 
   0   165  2.64   7.2 
   0   168  2.58   7.1 
   0   158  2.79   7.5 
   0   151  3.15   7.9 
   0   147  3.21   8.1 
   0   161  2.87   7.4 
   0   160  3.00   7.5 
   0   151  3.31   7.9 
   0   149  3.12   8.0 
   0   157  2.93   7.6 
   0   149  3.09   8.0 
   0   151  3.05   7.9 
   0   162  2.62   7.3 
   0   165  2.63   7.2 
   0   160  2.64   7.4 
   0   155  2.77   7.7 
   0   163  2.61   7.3 
   0   176  2.37   6.8 
   0   157  2.65   7.6 
   0   165  2.57   7.2 
   0   162  2.45   7.3 
   0   165  2.49   7.2 
   0   162  2.44   7.3 
   0   163  2.42   7.3 
   0   154  2.73   7.7 
   0   160  2.59   7.5 
   0   156  2.56   7.6 
   0   163  2.45   7.3 
   0   165  2.32   7.2 
   0   164  2.14   7.3 
   0   159  2.35   7.5 
   0   166  2.15   7.1 
   0   165  2.04   7.2 
   0   171  1.99   7.0 
   0   159  2.22   7.5 
   0   158  2.42   7.5 
   0   151  2.51   7.9 
   0   161  2.21   7.4 
   0   159  2.22   7.5 
   0   168  1.95   7.1 
   0   172  1.90   6.9 
   0   170  2.05   7.0 
   0   170  1.98   7.0 
   0   174  1.85   6.9 
   0   177  1.75   6.7 
   0   177  1.68   6.7 
   0   178  1.71   6.7 
   0   170  1.72   7.0 
   0   172  1.66   6.9 
   0   179  1.70   6.7 
   0   189  1.39   6.3 
   0   176  1.60   6.8 
   0   182  1.42   6.5 
   0   186  1.48   6.4 
   0   196  1.29   6.1 
   0   186  1.37   6.4 
   0   192  1.30   6.2 
   0   197  1.21   6.0 
   0   198  1.18   6.0 
   0   195  1.31   6.1 
   0   192  1.20   6.2 
   0   192  1.20   6.2 
   0   174  1.39   6.8 
   0   196  1.23   6.1 
   0   199  1.35   6.0 
   0   193  1.40   6.2 
   0   201  1.37   5.9 
   0   185  1.53   6.5 
   0   182  1.58   6.6 
   0   197  1.50   6.1 
   0   185  1.54   6.4 
   0   180  1.65   6.7 
   0   186  1.58   6.4 
   0   192  1.56   6.2 
   0   195  1.35   6.1 
   0   190  1.42   6.3 
   0   177  1.62   6.7 
   0   185  1.59   6.5 
   0   190  1.52   6.3 
   0   189  1.47   6.3 
   0   188  1.42   6.3 
   0   204  1.26   5.8 
   0   184  1.47   6.4 
   0   188  1.39   6.3 
   0   189  1.31   6.3 
   0   182  1.38   6.5 
   0   193  1.23   6.2 
   0   211  1.10   5.7 
   0   193  1.15   6.2 
   0   198  1.12   6.0 
   0   196  1.14   6.1 
   0   200  1.05   6.0 
   0   201  1.16   6.0 
   0   217  0.99   5.5 
   0   184  1.17   6.5 
   0   199  1.07   6.0 
   0   224  0.97   5.3 
   0   223  0.96   5.4 
   0   216  0.94   5.5 
   0   223  0.96   5.4 
   0   228  0.90   5.2 
   0   225  0.97   5.3 
   0   224  1.02   5.3 
   0   236  1.02   5.1 
   0   243  1.14   4.9 
   0   240  1.19   5.0 
   0   241  1.26   5.0 
   0   231  1.30   5.2 
   0   237  1.34   5.0 
   0   234  1.35   5.1 
   0   246  1.28   4.9 
   0   233  1.29   5.1 
   0   229  1.32   5.2 
   0   223  1.37   5.4 
   0   219  1.36   5.4 
   0   218  1.22   5.5 
   0   223  1.26   5.4 
   0   234  1.20   5.1 
   0   233  1.27   5.1 
   0   222  1.25   5.4 
   0   219  1.20   5.5 
   0   233  1.10   5.1 
   0   230  1.09   5.2 
   0   228  1.06   5.2 
   0   217  1.20   5.5 
   0   218  1.15   5.5 
   0   211  1.14   5.6 
   0   222  1.06   5.4 
   0   231  0.94   5.2 
   0   227  1.01   5.2 
   0   230  1.00   5.2 
   0   237  0.99   5.0 
   0   225  1.09   5.3 
   0   234  1.02   5.1 
   0   241  1.05   5.0 
   0   244  0.99   4.9 
   0   229  0.98   5.2 
   0   238  0.94   5.0 
   0   230  0.98   5.2 
   0   230  0.89   5.2 
   0   242  0.92   4.9 
   0   231  0.97   5.1 
   0   226  1.13   5.3 
   0   227  1.11   5.3 
   0   214  1.19   5.6 
   0   222  1.22   5.4 
   0   219  1.32   5.5 
   0   229  1.33   5.2 
   0   233  1.17   5.1 
   0   228  1.22   5.2 
   0   218  1.32   5.5 
   0   219  1.24   5.5 
   0   226  1.21   5.3 
   0   226  1.31   5.3 
   0   228  1.39   5.2 
   0   223  1.33   5.4 
   0   216  1.43   5.5 
   0   225  1.39   5.3 
   0   224  1.38   5.3 
   0   219  1.49   5.4 
   0   216  1.47   5.5 
   0   205  1.67   5.8 
   0   209  1.59   5.7 
   0   222  1.57   5.4 
   0   215  1.64   5.5 
   0   207  1.67   5.8 
   0   229  1.37   5.2 
   0   210  1.70   5.7 
   0   206  1.78   5.8 
   0   217  1.72   5.5 
   0   200  1.81   6.0 
   0   207  1.71   5.8 
   0   219  1.62   5.4 
   0   214  1.68   5.6 
   0   211  1.68   5.6 
   0   223  1.46   5.4 
   0   211  1.63   5.7 
   0   200  1.69   6.0 
   0   219  1.51   5.4 
   0   215  1.43   5.6 
   0   217  1.41   5.5 
   0   229  1.29   5.2 
   0   212  1.41   5.6 
   0   220  1.37   5.4 
   0   224  1.35   5.3 
   0   218  1.35   5.5 
   0   218  1.29   5.5 
   0   220  1.27   5.4 
   0   220  1.22   5.4 
   0   221  1.29   5.4 
   0   223  1.18   5.3 
   0   229  1.17   5.2 
   0   236  1.02   5.1 
   0   208  1.23   5.7 
   0   225  1.22   5.3 
   0   237  1.25   5.1 
   0   237  1.18   5.0 
   0   234  1.18   5.1 
   0   233  1.16   5.1 
   0   243  1.16   4.9 
   0   232  1.28   5.1 
   0   241  1.16   4.9 
   0   248  1.20   4.8 
   0   235  1.25   5.1 
   0   236  1.19   5.1 
   0   238  1.31   5.0 
   0   233  1.33   5.1 
   0   259  1.27   4.6 
   0   244  1.39   4.9 
   0   228  1.30   5.3 
   0   243  1.14   4.9 
   0   239  1.16   5.0 
   0   236  1.23   5.1 
   0   241  1.20   4.9 
   0   235  1.20   5.1 
   0   244  1.17   4.9 
   0   237  1.21   5.1 
   0   237  1.26   5.0 
   0   241  1.18   5.0 
   0   236  1.21   5.0 
   0   226  1.32   5.3 
   0   237  1.23   5.0 
   0   229  1.32   5.2 
   0   237  1.28   5.1 
   0   231  1.34   5.1 
   0   234  1.28   5.1 
   0   229  1.29   5.2 
   0   234  1.35   5.1 
   0   234  1.36   5.1 
   0   226  1.40   5.3 
   0   229  1.36   5.2 
   0   229  1.41   5.2 
   0   226  1.42   5.3 
   0   225  1.42   5.3 
   0   235  1.36   5.1 
   0   228  1.45   5.2 
   0   230  1.37   5.2 
   0   222  1.46   5.4 
   0   222  1.39   5.4 
   0   222  1.42   5.4 
   0   216  1.45   5.5 
   0   233  1.29   5.1 
   0   222  1.32   5.4 
   0   219  1.42   5.4 
   0   226  1.36   5.3 
   0   223  1.40   5.3 
   0   221  1.55   5.4 
   0   214  1.41   5.6 
   0   221  1.37   5.4 
   0   215  1.32   5.5 
   0   198  1.51   6.0 
   0   197  1.52   6.0 
   0   191  1.61   6.3 
   0   195  1.43   6.1 
   0   205  1.33   5.8 
   0   199  1.45   6.0 
   0   210  1.27   5.7 
   0   220  1.14   5.4 
   0   206  1.12   5.8 
   0   196  1.27   6.1 
   0   195  1.23   6.1 
   0   201  1.27   5.9 
   0   196  1.31   6.1 
   0   204  1.14   5.8 
   0   185  1.44   6.4 
   0   196  1.21   6.1 
   0   194  1.25   6.2 
   0   207  1.19   5.8 
   0   207  1.16   5.8 
   0   208  1.21   5.7 
   0   214  1.15   5.6 
   0   208  1.25   5.7 
   0   205  1.16   5.8 
   0   210  1.20   5.7 
   0   222  1.03   5.4 
   0   210  1.14   5.7 
   0   213  1.12   5.6 
   0   207  1.19   5.8 
   0   202  1.24   5.9 
   0   213  1.07   5.6 
   0   202  1.04   5.9 
   0   203  0.97   5.9 
   0   210  0.95   5.7 
   0   211  0.93   5.6 
   0   216  0.82   5.5 
   0   207  0.91   5.7 
   0   221  0.83   5.4 
   0   223  0.81   5.3 
   0   219  0.88   5.4 
   0   211  0.89   5.7 
   0   210  0.87   5.7 
   0   209  0.94   5.7 
   0   202  0.93   5.9 
   0   198  0.95   6.0 
   0   181  1.04   6.6 
   0   204  0.95   5.8 
   0   198  0.96   6.0 
   0   188  1.08   6.3 
   0   195  0.96   6.1 
   0   181  1.08   6.6 
   0   206  0.90   5.8 
   0   206  0.94   5.8 
   0   199  0.98   6.0 
   0   194  0.96   6.2 
   0   191  1.03   6.2 
   0   181  1.05   6.6 
   0   192  0.91   6.2 
   0   200  0.92   6.0 
   0   222  0.87   5.4 
   0   216  0.85   5.5 
   0   198  0.89   6.0 
   0   210  0.86   5.7 
   0   183  1.12   6.5 
   0   201  1.03   5.9 
   0   185  1.10   6.5 
   0   198  1.10   6.0 
   0   199  1.07   6.0 
   0   195  1.11   6.1 
   0   196  1.10   6.1 
   0   193  1.09   6.2 
   0   197  1.04   6.0 
   0   195  1.11   6.1 
   0   202  1.12   5.9 
   0   202  1.06   5.9 
   0   193  1.11   6.2 
   0   192  1.11   6.2 
   0   197  1.12   6.1 
   0   202  1.09   5.9 
   0   203  1.15   5.9 
   0   207  1.14   5.7 
   0   191  1.18   6.2 
   0   194  1.17   6.2 
   0   194  1.23   6.1 
   0   188  1.27   6.3 
   0   198  1.20   6.0 
   0   199  1.25   6.0 
   0   204  1.22   5.8 
   0   202  1.28   5.9 
   0   211  1.20   5.7 
   0   207  1.23   5.8 
   0   212  1.33   5.6 
   0   224  1.34   5.3 
   0   218  1.39   5.5 
   0   214  1.24   5.6 
   0   220  1.16   5.4 
   0   216  1.09   5.5 
   0   212  1.09   5.6 
   0   204  1.05   5.8 
   0   199  1.10   6.0 
   0   205  1.10   5.8 
   0   219  0.91   5.4 
   0   211  1.00   5.7 
   0   213  0.95   5.6 
   0   217  0.92   5.5 
   0   212  0.91   5.6 
   0   223  0.84   5.4 
   0   213  0.91   5.6 
   0   201  0.90   5.9 
   0   210  0.87   5.7 
   0   204  0.96   5.8 
   0   210  0.88   5.7 
   0   210  0.82   5.7 
   0   217  0.76   5.5 
   0   210  0.73   5.7 
   0   213  0.82   5.6 
   0   211  0.76   5.7 
   0   222  0.74   5.4 
   0   220  0.68   5.4 
   0   217  0.70   5.5 
   0   218  0.66   5.5 
   0   213  0.66   5.6 
   0   229  0.65   5.2 
   0   228  0.68   5.2 
   0   224  0.75   5.3 
   0   210  0.89   5.7 
   0   213  0.89   5.6 
   0   221  0.94   5.4 
   0   228  0.81   5.2 
   0   212  0.91   5.6 
   0   210  0.94   5.6 
   0   222  0.95   5.4 
   0   242  0.81   4.9 
   0   213  0.90   5.6 
   0   212  0.89   5.6 
   0   231  0.78   5.2 
   0   228  0.75   5.3 
   0   224  0.76   5.4 
   0   219  0.79   5.4 
   0   238  0.71   5.0 
   0   243  0.67   4.9 
   0   250  0.65   4.8 
   0   236  0.67   5.1 
   0   228  0.61   5.3 
   0   214  0.64   5.6 
   0   218  0.67   5.5 
   0   228  0.54   5.2 
   0   222  0.57   5.4 
   0   222  0.61   5.4 
   0   229  0.54   5.2 
   0   226  0.57   5.3 
   0   239  0.55   5.0 
   0   231  0.55   5.1 
   0   236  0.54   5.1 
   0   247  0.48   4.9 
   0   250  0.47   4.8 
   0   249  0.49   4.8 
   0   243  0.48   4.9 
   0   247  0.48   4.8 
   0   249  0.50   4.8 
   0   249  0.45   4.8 
   0   235  0.52   5.1 
   0   240  0.47   5.0 
   0   245  0.45   4.9 
   0   240  0.42   5.0 
   0   242  0.47   4.9 
   0   257  0.42   4.6 
   0   261  0.42   4.6 
   0   272  0.42   4.4 
   0   278  0.40   4.3 
   0   289  0.42   4.1 
   0   273  0.46   4.4 
   0   276  0.48   4.3 
   0   277  0.46   4.3 
   0   276  0.47   4.3 
   0   265  0.45   4.5 
   0   274  0.45   4.3 
   0   285  0.45   4.2 
   0   290  0.43   4.1 
   0   286  0.44   4.1 
   0   285  0.42   4.0 
   0   274  0.46   4.4 
   0   291  0.41   4.1 
   0   299  0.39   4.0 
   0   284  0.40   4.2 
   0   286  0.36   4.2 
   0   306  0.36   3.9 
   0   292  0.32   4.1 
   0   275  0.33   4.3 
   0   295  0.31   4.0 
   0   272  0.33   4.4 
   0   291  0.31   4.1 
   0   288  0.29   4.2 
   0   279  0.29   4.3 
   0   297  0.27   4.0 
   0   294  0.28   4.1 
   0   298  0.27   4.0 
   0   297  0.27   4.0 
   0   315  0.25   3.6 
   0   312  0.25   3.8 
   0   257  0.28   3.9 
   0   291  0.26   3.8 
   0   254  0.27   3.9 
   0   290  0.24   3.8 
   0   319  0.26   3.8 
   0   314  0.24   3.8 
   0   321  0.24   3.7 
   0   301  0.25   4.0 
   0   328  0.23   3.7 
   0   313  0.24   3.8 
   0   334  0.24   3.6 
   0   323  0.22   3.6 
   0   325  0.22   3.7 
   0   335  0.23   3.6 
   0   331  0.22   3.6 
   0   330  0.24   3.6 
   0   334  0.21   3.6 
   0   315  0.21   3.8 
   0   327  0.20   3.7 
   0   319  0.21   3.7 
   0   319  0.22   3.7 
   0   336  0.21   3.6 
   0   325  0.20   3.7 
   0   346  0.19   3.4 
   0   325  0.21   3.7 
   0   320  0.20   3.7 
   0   314  0.21   3.8 
   0   319  0.20   3.7 
9999  9999 99.99 999.9 
   0   289  0.22   4.1 
   0   317  0.21   3.8 
   0   305  0.22   3.9 
   0   303  0.22   3.9 
   0   282  0.24   4.2 
   0   327  0.19   3.7 
   0   319  0.19   3.7 
   0   297  0.21   4.0 
   0   305  0.21   3.9 
   0   300  0.21   4.0 
   0   291  0.22   4.1 
   0   296  0.22   4.0 
   0   304  0.21   3.9 
   0   313  0.21   3.8 
   0   308  0.22   3.7 
   0   296  0.22   3.9 
   0   319  0.22   3.7 
   0   304  0.21   3.9 
   0   314  0.20   3.8 
   0   312  0.21   3.8 
   0   323  0.19   3.7 
   0   329  0.19   3.6 
   0   313  0.19   3.8 
   0   311  0.19   3.9 
   0   316  0.19   3.8 
   0   333  0.17   3.6 
   0   321  0.19   3.7 
   0   313  0.19   3.8 
   0   307  0.18   3.8 
   0   326  0.18   3.7 
   0   335  0.18   3.6 
   0   321  0.18   3.7 
   0   356  0.17   3.4 
   0   343  0.18   3.5 
   0   333  0.18   3.6 
   0   347  0.18   3.4 
   0   338  0.18   3.5 
   0   342  0.20   3.5 
   0   356  0.18   3.4 
   0   357  0.17   3.3 
   0   345  0.17   3.4 
   0   334  0.17   3.6 
   0   339  0.16   3.5 
   0   346  0.15   3.5 
   0   362  0.15   3.3 
   0   355  0.14   3.4 
   0   366  0.14   3.3 
   0   381  0.14   3.1 
   0   371  0.14   3.2 
   0   341  0.15   3.5 
   0   386  0.14   3.1 
   0   393  0.14   3.0 
   0   372  0.14   3.2 
   0   355  0.16   3.4 
   0   344  0.14   3.1 
   0   376  0.15   3.2 
   0   309  0.15   3.0 
   0   367  0.15   3.2 
   0   386  0.15   3.1 
   0   372  0.15   3.1 
   0   381  0.14   3.1 
   0   395  0.13   3.0 
   0   364  0.15   3.3 
   0   376  0.14   3.2 
   0   384  0.15   3.1 
   0   378  0.14   3.2 
   0   346  0.17   3.5 
   0   375  0.17   3.2 
   0   370  0.17   3.2 
   0   375  0.16   3.2 
   0   386  0.15   3.1 
   0   401  0.14   3.0 
   0   396  0.14   3.0 
   0   403  0.14   3.0 
   0   375  0.17   3.2 
   0   379  0.17   3.2 
   0   325  0.19   3.7 
   0   324  0.18   3.7 
   0   353  0.17   3.4 
   0   368  0.19   3.2 
   0   340  0.19   3.5 
   0   365  0.19   3.3 
   0   356  0.17   3.3 
   0   330  0.20   3.6 
   0   346  0.18   3.5 
   0   329  0.19   3.6 
   0   322  0.21   3.7 
   0   357  0.21   3.3 
   0   311  0.21   3.8 
   0   300  0.22   4.0 
   0   322  0.22   3.7 
   0   301  0.23   4.0 
   0   290  0.25   4.1 
   0   296  0.24   4.0 
   0   303  0.25   4.0 
   0   293  0.28   4.1 
   0   314  0.25   3.8 
   0   295  0.27   4.1 
   0   287  0.28   4.2 
   0   289  0.29   4.1 
   0   280  0.27   4.3 
   0   268  0.32   4.5 
   0   278  0.33   4.3 
   0   267  0.34   4.5 
   0   269  0.33   4.4 
   0   285  0.29   4.2 
   0   287  0.32   4.1 
   0   278  0.33   4.3 
   0   275  0.33   4.3 
   0   274  0.38   4.4 
   0   258  0.41   4.6 
   0   264  0.39   4.5 
   0   247  0.48   4.8 
   0   250  0.41   4.8 
   0   260  0.37   4.6 
   0   253  0.37   4.7 
   0   247  0.37   4.8 
   0   252  0.33   4.7 
   0   250  0.38   4.8 
   0   239  0.34   4.6 
   0   254  0.35   4.7 
   0   245  0.35   4.9 
   0   251  0.33   4.7 
   0   255  0.32   4.7 
   0   247  0.33   4.8 
   0   262  0.34   4.6 
   0   254  0.30   4.6 
   0   276  0.28   4.3 
   0   270  0.30   4.4 
   0   271  0.26   4.4 
   0   279  0.24   4.3 
   0   260  0.26   4.6 
   0   279  0.25   4.3 
   0   285  0.27   4.2 
   0   285  0.25   4.2 
   0   282  0.24   4.2 
   0   307  0.23   3.9 
   0   283  0.26   4.2 
   0   272  0.26   4.4 
   0   269  0.27   4.4 
   0   271  0.27   4.4 
   0   266  0.28   4.5 
   0   270  0.29   4.4 
   0   258  0.29   4.6 
   0   257  0.27   4.6 
   0   250  0.31   4.8 
   0   247  0.31   4.8 
   0   253  0.30   4.7 
   0   260  0.27   4.6 
   0   263  0.28   4.5 
   0   253  0.29   4.7 
   0   249  0.32   4.8 
   0   245  0.32   4.9 
   0   276  0.28   4.3 
   0   277  0.28   4.3 
   0   276  0.28   4.3 
   0   290  0.26   4.1 
   0   281  0.28   4.3 
   0   286  0.27   4.2 
   0   310  0.24   3.8 
   0   298  0.25   4.0 
   0   307  0.23   3.9 
   0   279  0.25   4.3 
   0   313  0.22   3.8 
   0   315  0.21   3.8 
   0   306  0.22   3.9 
   0   303  0.23   3.9 
   0   305  0.22   3.9 
   0   312  0.23   3.8 
   0   323  0.21   3.7 
   0   301  0.23   4.0 
   0   319  0.22   3.8 
   0   298  0.23   4.0 
   0   314  0.22   3.8 
   0   336  0.19   3.6 
   0   317  0.19   3.8 
   0   332  0.19   3.6 
   0   344  0.19   3.5 
   0   348  0.20   3.4 
   0   354  0.20   3.4 
   0   370  0.23   3.2 
   0   383  0.25   3.1 
   0   384  0.24   3.1 
   0   335  0.23   3.3 
   0   364  0.24   3.3 
   0   339  0.28   3.5 
   0   325  0.34   3.7 
   0   310  0.37   3.9 
   0   300  0.46   4.0 
   0   317  0.57   3.8 
   0   306  0.72   3.9 
   0   297  0.72   4.0 
   0   285  0.77   4.2 
   0   289  0.72   4.1 
   0   293  0.69   4.1 
   0   275  0.71   4.3 
   0   276  0.72   4.3 
   0   267  0.75   4.5 
   0   269  0.77   4.4 
   0   268  0.74   4.5 
   0   272  0.76   4.4 
   0   273  0.70   4.4 
   0   264  0.69   4.5 
   0   271  0.70   4.4 
   0   297  0.69   4.0 
   0   275  0.76   4.3 
   0   278  0.72   4.3 
   0   285  0.66   4.2 
   0   291  0.67   4.1 
   0   265  0.70   4.5 
   0   281  0.65   4.3 
   0   268  0.71   4.5 
   0   276  0.59   4.3 
   0   268  0.62   4.5 
   0   253  0.64   4.7 
   0   277  0.53   4.3 
   0   268  0.54   4.5 
   0   267  0.54   4.5 
   0   258  0.56   4.6 
   0   266  0.50   4.5 
   0   254  0.56   4.7 
   0   260  0.47   4.6 
   0   280  0.43   4.3 
   0   257  0.50   4.7 
   0   270  0.44   4.4 
   0   272  0.44   4.4 
   0   271  0.42   4.4 
   0   286  0.40   4.2 
   0   280  0.45   4.3 
   0   303  0.45   3.9 
   0   302  0.51   4.0 
   0   310  0.57   3.9 
   0   307  0.59   3.9 
   0   283  0.65   4.0 
   0   300  0.65   4.0 
   0   292  0.66   4.1 
   0   292  0.63   4.1 
   0   281  0.62   4.3 
   0   276  0.58   4.3 
   0   276  0.58   4.3 
   0   284  0.51   4.2 
   0   280  0.53   4.3 
   0   280  0.54   4.2 
   0   295  0.50   4.0 
   0   284  0.48   4.2 
   0   270  0.49   4.4 
   0   281  0.45   4.3 
   0   285  0.40   4.2 
   0   261  0.48   4.6 
   0   276  0.43   4.3 
   0   277  0.42   4.3 
   0   282  0.44   4.2 
   0   272  0.43   4.4 
   0   277  0.45   4.3 
   0   254  0.44   4.2 
   0   298  0.37   4.0 
   0   280  0.39   4.2 
   0   293  0.35   4.1 
   0   278  0.37   4.3 
   0   279  0.38   4.3 
   0   269  0.41   4.4 
   0   243  0.53   4.9 
   0   238  0.53   5.0 
   0   231  0.64   5.2 
   0   253  0.58   4.7 
   0   245  0.62   4.9 
   0   270  0.65   4.4 
   0   277  0.61   4.3 
   0   298  0.66   4.0 
   0   284  0.80   4.2 
   0   278  0.80   4.3 
   0   270  0.87   4.4 
   0   271  0.84   4.4 
   0   282  0.90   4.2 
   0   272  0.95   4.4 
   0   249  1.10   4.8 
   0   249  1.18   4.8 
   0   257  1.17   4.6 
   0   240  1.35   5.0 
   0   236  1.34   5.1 
   0   224  1.43   5.3 
   0   234  1.36   5.1 
   0   223  1.38   5.4 
   0   239  1.14   5.0 
   0   232  1.18   5.1 
   0   227  1.27   5.3 
   0   233  1.39   5.1 
   0   246  1.31   4.8 
   0   221  1.57   5.4 
   0   217  1.65   5.5 
   0   226  1.61   5.3 
   0   204  1.81   5.9 
   0   202  1.88   5.9 
   0   206  1.86   5.8 
   0   194  2.14   6.1 
   0   197  2.06   6.1 
   0   216  1.75   5.5 
   0   188  2.05   6.3 
   0   195  2.10   6.1 
   0   194  2.09   6.1 
   0   198  2.06   6.0 
   0   202  1.95   5.9 
   0   204  1.84   5.8 
   0   189  2.15   6.3 
   0   191  2.09   6.2 
   0   186  2.14   6.4 
   0   182  2.30   6.6 
   0   184  2.14   6.5 
   0   185  2.30   6.5 
   0   182  2.45   6.6 
   0   173  2.65   6.9 
   0   181  2.66   6.6 
   0   172  2.64   7.0 
   0   166  3.24   7.2 
   0   172  2.87   6.9 
   0   157  3.15   7.6 
   0   162  3.06   7.3 
   0   158  3.08   7.6 
   0   176  2.47   6.7 
   0   170  2.91   7.0 
   0   179  2.60   6.7 
   0   171  2.76   6.9 
   0   163  2.84   7.3 
   0   153  3.09   7.8 
   0   154  3.19   7.7 
   0   155  3.07   7.7 
   0   157  3.23   7.6 
   0   156  3.13   7.6 
   0   153  3.08   7.8 
   0   156  3.06   7.6 
   0   152  3.13   7.8 
   0   161  2.95   7.4 
   0   158  3.08   7.6 
   0   164  2.73   7.3 
   0   150  3.17   7.9 
   0   159  2.79   7.5 
   0   166  2.61   7.2 
   0   163  2.56   7.3 
   0   156  2.64   7.6 
   0   153  2.98   7.8 
   0   169  2.57   7.1 
   0   168  2.44   7.1 
   0   160  2.50   7.5 
   0   150  2.80   7.9 
   0   153  2.60   7.8 
   0   170  2.49   7.0 
   0   174  2.32   6.8 
   0   163  2.51   7.3 
   0   170  2.39   7.0 
   0   164  2.43   7.3 
   0   169  2.35   7.0 
   0   157  2.48   7.6 
   0   169  2.32   7.1 
   0   155  2.41   7.7 
   0   168  2.40   7.1 
   0   153  2.50   7.8 
   0   171  2.29   7.0 
   0   170  2.25   7.0 
   0   174  2.16   6.8 
   0   183  2.13   6.5 
   0   175  2.23   6.8 
   0   169  2.12   7.1 
   0   169  2.10   7.1 
   0   183  1.89   6.5 
   0   182  1.96   6.6 
   0   180  1.91   6.6 
   0   185  1.82   6.4 
   0   186  1.86   6.4 
   0   170  1.98   7.0 
   0   175  2.01   6.8 
   0   186  1.84   6.4 
   0   188  1.85   6.3 
   0   191  1.67   6.3 
   0   193  1.73   6.2 
   0   203  1.58   5.9 
   0   196  1.66   6.1 
   0   201  1.66   6.0 
   0   194  1.72   6.1 
   0   199  1.74   6.0 
   0   192  1.94   6.2 
   0   198  1.85   6.0 
   0   194  1.80   6.1 
   0   197  1.81   6.1 
   0   189  1.99   6.3 
   0   204  1.76   5.9 
   0   203  1.59   5.9 
   0   197  1.71   6.1 
   0   200  1.64   6.0 
   0   200  1.60   6.0 
   0   201  1.49   5.9 
   0   205  1.53   5.8 
   0   204  1.49   5.9 
   0   206  1.59   5.8 
   0   214  1.44   5.6 
   0   210  1.51   5.7 
   0   207  1.51   5.8 
   0   198  1.62   6.0 
   0   200  1.64   5.9 
   0   205  1.58   5.8 
   0   203  1.56   5.9 
   0   203  1.58   5.8 
   0   203  1.54   5.9 
   0   204  1.51   5.9 
   0   199  1.52   6.0 
   0   206  1.49   5.8 
   0   212  1.41   5.6 
   0   212  1.39   5.6 
   0   204  1.46   5.9 
   0   194  1.58   6.2 
   0   202  1.51   5.9 
   0   198  1.53   6.0 
   0   203  1.54   5.9 
   0   206  1.40   5.8 
   0   206  1.44   5.8 
   0   191  1.56   6.3 
   0   211  1.34   5.7 
   0   199  1.44   6.0 
   0   212  1.21   5.6 
   0   216  1.23   5.5 
   0   218  1.16   5.5 
   0   216  1.09   5.5 
   0   225  1.05   5.3 
   0   213  1.00   5.6 
   0   214  0.91   5.6 
   0   209  0.99   5.7 
   0   225  0.95   5.3 
   0   224  0.97   5.3 
   0   216  0.98   5.5 
   0   227  0.88   5.3 
   0   228  0.93   5.2 
   0   230  0.85   5.2 
   0   222  0.84   5.4 
   0   224  0.84   5.3 
   0   229  0.79   5.2 
   0   245  0.75   4.9 
   0   258  0.70   4.6 
   0   222  0.79   5.4 
   0   220  0.74   5.4 
   0   223  0.76   5.4 
   0   224  0.74   5.3 
   0   234  0.72   5.1 
   0   231  0.75   5.2 
   0   230  0.72   5.2 
   0   231  0.66   5.2 
   0   235  0.70   5.1 
   0   236  0.67   5.1 
   0   242  0.63   4.9 
   0   248  0.65   4.8 
   0   255  0.64   4.7 
   0   262  0.64   4.6 
   0   268  0.63   4.4 
   0   271  0.61   4.4 
   0   284  0.64   4.2 
   0   274  0.63   4.4 
   0   275  0.68   4.4 
   0   284  0.66   4.2 
   0   299  0.65   4.0 
   0   280  0.76   4.3 
   0   275  0.79   4.4 
   0   281  0.79   4.2 
   0   273  0.80   4.4 
   0   287  0.74   4.2 
   0   278  0.77   4.3 
   0   286  0.73   4.2 
   0   282  0.78   4.2 
   0   264  0.87   4.5 
   0   275  0.87   4.3 
   0   258  0.95   4.6 
   0   262  0.98   4.6 
   0   256  0.97   4.7 
   0   263  0.94   4.5 
   0   259  0.92   4.6 
   0   251  0.98   4.8 
   0   258  0.99   4.6 
   0   255  0.91   4.7 
   0   257  0.87   4.6 
   0   255  0.90   4.7 
   0   263  0.84   4.5 
   0   262  0.90   4.6 
   0   263  0.89   4.5 
   0   265  0.88   4.5 
   0   247  0.96   4.8 
   0   252  0.92   4.7 
   0   250  1.06   4.8 
   0   248  1.19   4.8 
   0   236  1.24   5.1 
   0   238  1.36   5.0 
   0   240  1.30   5.0 
   0   236  1.39   5.1 
   0   227  1.42   5.3 
   0   222  1.56   5.3 
   0   215  1.60   5.6 
   0   224  1.42   5.3 
   0   213  1.48   5.6 
   0   230  1.41   5.2 
   0   216  1.52   5.5 
   0   211  1.55   5.7 
   0   215  1.52   5.5 
   0   210  1.61   5.7 
   0   222  1.41   5.4 
   0   216  1.56   5.5 
   0   209  1.66   5.7 
   0   205  1.65   5.8 
   0   213  1.53   5.6 
   0   209  1.50   5.7 
   0   225  1.50   5.3 
   0   215  1.48   5.6 
   0   216  1.45   5.5 
   0   202  1.43   5.9 
   0   216  1.36   5.5 
   0   205  1.47   5.8 
   0   216  1.46   5.5 
   0   219  1.31   5.4 
   0   212  1.48   5.6 
   0   220  1.43   5.4 
   0   215  1.46   5.6 
   0   202  1.56   5.9 
   0   220  1.49   5.4 
   0   219  1.42   5.5 
   0   213  1.43   5.6 
   0   220  1.44   5.4 
   0   208  1.41   5.7 
   0   211  1.42   5.7 
   0   212  1.41   5.6 
   0   206  1.40   5.8 
   0   202  1.43   5.9 
   0   197  1.42   6.1 
   0   198  1.46   6.0 
   0   193  1.53   6.2 
   0   200  1.44   6.0 
   0   187  1.51   6.4 
   0   197  1.37   6.0 
   0   195  1.35   6.1 
   0   186  1.42   6.4 
   0   191  1.38   6.3 
   0   194  1.28   6.1 
   0   202  1.33   5.9 
   0   199  1.20   6.0 
   0   207  1.19   5.8 
   0   207  1.16   5.8 
   0   196  1.22   6.1 
   0   185  1.30   6.4 
   0   204  1.20   5.9 
   0   197  1.19   6.0 
   0   197  1.11   6.1 
   0   199  1.12   6.0 
   0   193  1.23   6.2 
   0   202  1.19   5.9 
   0   204  1.09   5.9 
   0   212  1.02   5.6 
   0   216  1.19   5.4 
   0   215  1.05   5.5 
   0   213  1.05   5.6 
   0   214  0.99   5.6 
   0   215  0.98   5.6 
   0   218  0.93   5.5 
   0   214  0.92   5.6 
   0   203  0.98   5.9 
   0   217  0.89   5.5 
   0   212  0.89   5.6 
   0   214  0.83   5.6 
   0   221  0.85   5.4 
   0   219  0.80   5.5 
   0   226  0.83   5.3 
   0   210  0.88   5.7 
   0   227  0.78   5.3 
   0   214  0.90   5.6 
   0   208  0.90   5.8 
   0   220  0.79   5.4 
   0   229  0.73   5.2 
   0   218  0.82   5.5 
   0   227  0.75   5.3 
   0   225  0.77   5.3 
   0   221  0.76   5.4 
   0   230  0.71   5.2 
   0   240  0.66   5.0 
   0   221  0.75   5.4 
   0   238  0.68   5.0 
   0   226  0.72   5.3 
   0   238  0.66   5.0 
   0   234  0.71   5.1 
   0   241  0.71   5.0 
   0   257  0.67   4.6 
   0   254  0.72   4.7 
   0   244  0.75   4.9 
   0   251  0.70   4.7 
   0   273  0.67   4.4 
   0   245  0.76   4.9 
   0   259  0.73   4.6 
   0   250  0.72   4.8 
   0   247  0.77   4.8 
   0   256  0.75   4.7 
   0   267  0.72   4.5 
   0   272  0.72   4.2 
   0   260  0.75   4.6 
   0   264  0.69   4.5 
   0   251  0.71   4.7 
   0   247  0.72   4.8 
   0   244  0.74   4.9 
   0   263  0.63   4.6 
   0   245  0.70   4.9 
   0   239  0.85   5.0 
   0   253  0.83   4.7 
   0   264  0.81   4.5 
   0   267  0.80   4.5 
   0   271  0.78   4.4 
   0   261  0.83   4.6 
   0   250  0.91   4.8 
   0   262  0.79   4.5 
   0   259  0.82   4.6 
   0   258  0.83   4.6 
   0   257  0.81   4.6 
   0   239  0.91   5.0 
   0   236  0.87   5.0 
   0   249  0.78   4.8 
   0   222  0.95   5.4 
   0   217  0.91   5.5 
   0   235  0.80   5.1 
   0   235  0.88   5.1 
   0   218  0.95   5.5 
   0   220  0.91   5.4 
   0   232  0.94   5.2 
   0   215  1.00   5.5 
   0   210  1.10   5.7 
   0   210  1.12   5.7 
   0   218  1.08   5.5 
   0   223  1.01   5.4 
   0   218  1.10   5.5 
   0   211  1.22   5.7 
   0   210  1.23   5.7 
   0   201  1.36   5.9 
   0   217  1.25   5.5 
   0   212  1.33   5.6 
   0   214  1.30   5.6 
   0   208  1.42   5.8 
   0   202  1.42   5.9 
   0   199  1.46   6.0 
   0   217  1.45   5.5 
   0   208  1.54   5.7 
   0   208  1.56   5.7 
   0   213  1.60   5.6 
   0   213  1.63   5.6 
   0   202  1.69   5.9 
   0   193  1.98   6.2 
   0   195  1.92   6.1 
   0   208  1.67   5.7 
   0   203  1.87   5.9 
   0   208  1.71   5.7 
   0   201  1.69   5.9 
   0   200  1.91   6.0 
   0   204  1.90   5.9 
   0   184  2.12   6.5 
   0   186  2.34   6.4 
   0   200  2.08   6.0 
   0   199  2.14   6.0 
   0   192  2.17   6.2 
   0   184  2.33   6.5 
   0   183  2.25   6.5 
   0   184  2.33   6.5 
   0   178  2.49   6.7 
   0   174  2.59   6.8 
   0   177  2.47   6.7 
   0   177  2.42   6.7 
   0   175  2.35   6.8 
   0   173  2.55   6.9 
   0   182  2.36   6.6 
   0   198  2.23   6.0 
   0   178  2.50   6.7 
   0   181  2.36   6.6 
   0   178  2.44   6.7 
   0   181  2.47   6.6 
   0   170  2.47   7.0 
   0   185  2.33   6.4 
   0   182  2.16   6.5 
   0   188  2.11   6.3 
   0   184  2.08   6.5 
   0   185  2.08   6.4 
   0   187  2.03   6.4 
   0   172  2.28   6.9 
   0   191  1.89   6.2 
   0   186  1.96   6.4 
   0   187  1.99   6.4 
   0   198  1.91   6.0 
   0   194  1.88   6.2 
   0   196  1.86   6.1 
   0   198  1.86   6.0 
   0   193  1.92   6.2 
   0   190  1.85   6.3 
   0   196  1.83   6.1 
   0   200  1.61   6.0 
   0   199  1.74   6.0 
   0   206  1.57   5.8 
   0   198  1.70   6.0 
   0   205  1.64   5.8 
   0   197  1.61   6.1 
   0   208  1.55   5.7 
   0   219  1.48   5.5 
   0   200  1.71   5.9 
   0   197  1.72   6.1 
   0   207  1.60   5.8 
   0   201  1.60   5.9 
   0   200  1.51   5.9 
   0   204  1.47   5.9 
   0   208  1.47   5.7 
   0   204  1.45   5.8 
   0   204  1.56   5.9 
   0   209  1.43   5.7 
   0   197  1.55   6.1 
   0   210  1.55   5.7 
   0   204  1.62   5.9 
   0   208  1.53   5.7 
   0   200  1.59   6.0 
   0   208  1.45   5.8 
   0   218  1.36   5.5 
   0   200  1.49   6.0 
   0   218  1.24   5.5 
   0   220  1.24   5.4 
   0   216  1.36   5.5 
   0   222  1.31   5.4 
   0   212  1.41   5.6 
   0   221  1.31   5.4 
   0   231  1.13   5.2 
   0   227  1.20   5.3 
   0   211  1.28   5.6 
   0   219  1.23   5.4 
   0   225  1.21   5.3 
   0   221  1.19   5.4 
   0   231  1.16   5.2 
   0   224  1.12   5.3 
   0   218  1.13   5.5 
   0   229  1.10   5.2 
   0   228  1.13   5.2 
   0   246  1.01   4.8 
   0   232  1.06   5.1 
   0   237  1.01   5.0 
   0   229  1.07   5.2 
   0   236  0.98   5.0 
   0   222  1.05   5.4 
   0   229  1.06   5.2 
   0   223  1.05   5.3 
   0   226  1.02   5.3 
   0   228  1.07   5.3 
   0   233  1.07   5.1 
   0   236  1.05   5.1 
   0   215  1.08   5.6 
   0   224  1.08   5.3 
   0   235  0.98   5.1 
   0   223  1.08   5.4 
   0   229  0.99   5.2 
   0   222  1.05   5.4 
   0   233  1.00   5.1 
   0   232  0.98   5.1 
   0   230  1.00   5.2 
   0   232  0.88   5.1 
   0   230  0.94   5.2 
   0   235  0.90   5.1 
   0   247  0.92   4.8 
   0   222  0.96   5.4 
   0   241  0.89   4.9 
   0   222  0.99   5.4 
   0   240  0.98   5.0 
   0   242  0.97   4.9 
   0   248  0.90   4.8 
   0   242  0.94   4.9 
   0   231  0.99   5.2 
   0   246  0.97   4.9 
   0   241  0.87   5.0 
   0   242  0.86   4.9 
   0   234  0.87   5.1 
   0   226  0.92   5.3 
   0   235  0.90   5.1 
   0   233  0.93   5.1 
   0   228  1.00   5.2 
   0   236  0.96   5.1 
   0   227  1.04   5.2 
   0   246  0.93   4.8 
   0   245  0.91   4.9 
   0   242  0.93   4.9 
   0   243  0.89   4.9 
   0   242  0.87   4.9 
   0   253  0.84   4.7 
   0   232  0.87   5.2 
   0   235  0.83   5.1 
   0   236  0.78   5.1 
   0   225  0.81   5.3 
   0   225  0.76   5.3 
   0   245  0.75   4.8 
   0   234  0.74   5.1 
   0   243  0.74   4.9 
   0   248  0.72   4.8 
   0   245  0.75   4.9 
   0   245  0.73   4.9 
   0   238  0.70   5.0 
   0   257  0.69   4.6 
   0   264  0.73   4.5 
   0   263  0.76   4.6 
   0   272  0.75   4.4 
   0   269  0.79   4.5 
   0   270  0.78   4.4 
   0   274  0.75   4.3 
   0   264  0.75   4.5 
   0   265  0.71   4.5 
   0   265  0.76   4.5 
   0   270  0.79   4.4 
   0   271  0.82   4.4 
   0   271  0.82   4.4 
   0   262  0.89   4.6 
   0   269  0.78   4.4 
   0   268  0.78   4.5 
   0   269  0.79   4.4 
   0   275  0.79   4.4 
   0   273  0.82   4.4 
   0   262  0.80   4.5 
   0   262  0.82   4.6 
   0   251  0.93   4.8 
   0   242  0.94   4.9 
   0   254  0.89   4.7 
   0   248  0.97   4.8 
   0   265  1.02   4.5 
   0   255  1.08   4.7 
   0   260  0.99   4.6 
   0   252  1.02   4.8 
   0   250  1.05   4.8 
   0   254  1.09   4.7 
   0   237  1.24   5.0 
   0   249  1.20   4.8 
   0   243  1.20   4.9 
   0   235  1.18   5.1 
   0   236  1.31   5.1 
   0   233  1.20   5.1 
   0   238  1.28   5.0 
   0   231  1.23   5.2 
   0   244  1.27   4.9 
   0   226  1.24   5.3 
   0   228  1.25   5.2 
   0   228  1.14   5.2 
   0   238  1.13   5.0 
   0   231  1.11   5.2 
   0   220  1.20   5.4 
   0   220  1.09   5.4 
   0   208  1.13   5.7 
   0   204  1.09   5.8 
   0   205  1.10   5.8 
   0   218  0.93   5.5 
   0   219  0.95   5.4 
   0   196  1.11   6.1 
   0   228  0.98   5.2 
   0   228  0.97   5.2 
   0   217  1.04   5.5 
   0   217  1.07   5.5 
   0   209  1.04   5.7 
   0   220  0.90   5.4 
   0   222  0.89   5.4 
   0   203  0.93   5.9 
   0   214  0.81   5.6 
   0   219  0.78   5.4 
   0   222  0.74   5.4 
   0   210  0.76   5.7 
   0   210  0.79   5.7 
   0   208  0.71   5.7 
   0   204  0.71   5.8 
   0   209  0.73   5.7 
   0   210  0.68   5.7 
   0   201  0.74   6.0 
   0   214  0.66   5.6 
   0   212  0.67   5.6 
   0   216  0.63   5.5 
   0   197  0.66   6.0 
   0   213  0.58   5.6 
   0   214  0.60   5.6 
   0   261  0.65   4.6 
   0   253  0.71   4.7 
   0   235  0.70   5.1 
   0   244  0.82   4.9 
   0   249  0.84   4.8 
   0   257  0.86   4.7 
   0   256  0.84   4.7 
   0   233  0.85   5.1 
   0   253  0.88   4.7 
   0   238  0.92   5.0 
   0   244  0.93   4.9 
   0   253  0.94   4.7 
   0   240  0.95   5.0 
   0   238  0.97   5.0 
   0   251  0.83   4.8 
   0   249  0.79   4.8 
   0   240  0.79   5.0 
   0   235  0.76   5.1 
   0   241  0.68   4.9 
   0   254  0.61   4.7 
   0   249  0.65   4.8 
   0   242  0.58   4.9 
   0   240  0.57   5.0 
   0   231  0.58   5.2 
   0   234  0.58   5.1 
   0   216  0.61   5.5 
   0   235  0.54   5.1 
   0   230  0.59   5.2 
   0   232  0.61   5.1 
   0   256  0.57   4.7 
   0   247  0.63   4.8 
   0   235  0.64   5.1 
   0   261  0.63   4.6 
   0   264  0.63   4.5 
   0   281  0.59   4.3 
   0   265  0.60   4.5 
   0   276  0.59   4.3 
   0   270  0.60   4.4 
   0   280  0.57   4.3 
   0   277  0.61   4.3 
   0   278  0.62   4.3 
   0   276  0.60   4.3 
   0   266  0.57   4.5 
   0   267  0.61   4.5 
   0   252  0.60   4.8 
   0   251  0.61   4.8 
   0   247  0.58   4.8 
   0   262  0.53   4.6 
   0   255  0.50   4.7 
   0   251  0.47   4.8 
   0   260  0.47   4.6 
   0   255  0.45   4.7 
   0   258  0.42   4.6 
   0   247  0.40   4.8 
   0   251  0.41   4.8 
   0   241  0.42   5.0 
   0   279  0.46   4.3 
   0   303  0.68   3.9 
   0   283  0.83   4.2 
   0   247  1.25   4.8 
   0   241  1.38   5.0 
   0   237  1.52   5.0 
   0   227  1.58   5.3 
   0   206  1.70   5.8 
   0   205  1.79   5.8 
   0   195  1.97   6.1 
   0   191  2.06   6.2 
   0   191  2.05   6.2 
   0   201  1.93   6.0 
   0   193  2.07   6.2 
   0   181  2.24   6.6 
   0   176  2.31   6.8 
   0   184  2.15   6.5 
   0   189  2.06   6.3 
   0   178  2.04   6.7 
   0   187  1.86   6.4 
   0   189  1.80   6.3 
   0   192  1.75   6.2 
   0   196  1.89   6.1 
   0   185  1.98   6.5 
   0   190  1.94   6.3 
   0   181  1.99   6.6 
   0   171  2.16   6.9 
   0   171  2.24   7.0 
   0   176  2.19   6.8 
   0   165  2.43   7.2 
   0   160  2.81   7.5 
   0   154  3.24   7.7 
   0   151  3.49   7.9 
   0   144  3.46   8.3 
   0   148  3.54   8.0 
   0   149  3.29   8.0 
   0   136  3.47   8.8 
   0   157  3.01   7.6 
   0   162  2.63   7.4 
   0   172  2.12   7.0 
   0   160  2.30   7.4 
   0   163  2.10   7.3 
   0   159  1.90   7.5 
   0   145  2.00   8.2 
   0   142  2.28   8.4 
9999  9999 99.99 999.9 
   0   130  2.28   9.2 
   0   132  2.21   9.0 
   0   121  2.43   9.8 
   0   131  2.05   9.1 
   0   131  2.06   9.1 
   0   124  2.32   9.5 
   0   132  1.94   9.0 
   0   122  2.18   9.7 
   0   141  1.65   8.5 
   0   139  1.71   8.5 
   0   135  1.91   8.9 
   0   137  1.98   8.7 
   0   147  1.85   8.0 
   0   164  1.67   7.3 
   0   156  1.72   7.6 
   0   146  1.88   8.2 
   0   163  1.69   7.3 
   0   158  1.57   7.6 
   0   151  1.68   7.8 
   0   145  1.80   8.3 
   0   150  1.59   8.0 
   0   151  1.74   7.9 
   0   145  1.71   8.2 
   0   152  1.67   7.8 
   0   146  1.90   8.2 
   0   152  1.64   7.9 
   0   158  1.66   7.5 
   0   161  1.46   7.4 
   0   152  1.67   7.8 
   0   151  1.65   7.9 
   0   153  1.68   7.8 
   0   159  1.48   7.5 
   0   165  1.49   7.2 
   0   170  1.31   7.0 
   0   165  1.36   7.2 
   0   164  1.45   7.3 
   0   169  1.31   7.0 
   0   180  1.12   6.6 
   0   182  1.19   6.6 
   0   169  1.25   7.1 
   0   174  1.32   6.9 
   0   183  1.19   6.5 
   0   172  1.28   7.0 
   0   163  1.36   7.3 
   0   170  1.38   7.0 
   0   167  1.46   7.1 
   0   180  1.43   6.6 
   0   180  1.74   6.6 
   0   186  1.61   6.4 
   0   195  1.84   6.1 
   0   185  2.06   6.4 
   0   187  2.18   6.4 
   0   190  2.08   6.3 
   0   196  2.13   6.1 
   0   191  2.06   6.3 
   0   191  2.20   6.2 
   0   203  1.81   5.9 
   0   208  1.90   5.7 
   0   194  2.06   6.2 
   0   198  1.75   6.0 
   0   215  1.68   5.5 
   0   220  1.64   5.4 
   0   204  1.77   5.9 
   0   213  1.57   5.6 
   0   213  1.54   5.6 
   0   211  1.62   5.6 
   0   216  1.60   5.5 
   0   216  1.53   5.5 
   0   223  1.45   5.3 
   0   222  1.41   5.4 
   0   226  1.43   5.3 
   0   221  1.44   5.4 
   0   229  1.37   5.2 
   0   231  1.30   5.2 
   0   223  1.35   5.4 
   0   232  1.25   5.2 
   0   233  1.24   5.1 
   0   226  1.24   5.3 
   0   226  1.17   5.3 
   0   233  1.07   5.1 
   0   231  1.12   5.2 
   0   229  1.11   5.2 
   0   236  1.09   5.1 
   0   232  0.98   5.2 
   0   229  0.98   5.2 
   0   227  1.04   5.3 
   0   233  1.07   5.1 
   0   242  1.02   4.9 
   0   240  1.10   5.0 
   0   238  1.02   5.0 
   0   245  1.01   4.9 
   0   234  1.08   5.1 
   0   242  1.00   4.9 
   0   236  1.10   5.1 
   0   247  0.98   4.8 
   0   249  0.96   4.8 
   0   237  1.01   5.0 
   0   247  1.03   4.8 
   0   229  1.16   5.2 
   0   236  1.06   5.1 
   0   235  1.03   5.1 
   0   249  1.02   4.8 
   0   243  1.05   4.9 
   0   247  0.97   4.8 
   0   248  1.12   4.8 
   0   233  1.19   5.1 
   0   236  1.16   5.0 
   0   237  1.04   5.0 
   0   226  1.15   5.3 
   0   246  0.98   4.8 
   0   226  1.20   5.3 
   0   247  1.12   4.8 
   0   231  1.25   5.2 
   0   243  1.20   4.9 
   0   227  1.25   5.2 
   0   244  1.17   4.9 
   0   258  1.09   4.6 
   0   243  1.10   4.9 
   0   256  1.06   4.7 
   0   236  1.10   5.1 
   0   242  1.02   4.9 
   0   256  0.96   4.7 
   0   255  0.96   4.7 
   0   264  0.93   4.5 
   0   261  0.97   4.6 
   0   251  0.93   4.8 
   0   258  0.90   4.6 
   0   258  0.89   4.6 
   0   243  1.05   4.9 
   0   256  1.04   4.7 
   0   248  1.17   4.8 
   0   234  1.31   5.1 
   0   242  1.20   4.9 
   0   242  1.28   4.9 
   0   241  1.21   5.0 
   0   234  1.30   5.1 
   0   233  1.36   5.1 
   0   244  1.20   4.9 
   0   239  1.20   5.0 
   0   235  1.19   5.1 
   0   239  1.21   5.0 
   0   244  1.14   4.9 
   0   240  1.17   5.0 
   0   239  1.18   5.0 
   0   237  1.24   5.0 
   0   220  1.38   5.4 
   0   237  1.23   5.0 
   0   234  1.26   5.1 
   0   233  1.30   5.1 
   0   237  1.27   5.0 
   0   222  1.28   5.4 
   0   221  1.20   5.4 
   0   233  1.27   5.1 
   0   236  1.18   5.1 
   0   231  1.17   5.2 
   0   232  1.18   5.2 
   0   233  1.18   5.1 
   0   216  1.37   5.5 
   0   231  1.19   5.2 
   0   222  1.19   5.4 
   0   230  1.14   5.2 
   0   230  1.09   5.2 
   0   224  1.09   5.3 
   0   232  1.08   5.1 
   0   228  1.07   5.2 
   0   225  1.13   5.3 
   0   227  0.99   5.2 
   0   220  1.02   5.4 
   0   224  0.98   5.3 
   0   221  0.99   5.4 
   0   217  0.99   5.5 
   0   223  0.97   5.3 
   0   229  0.93   5.2 
   0   226  0.94   5.3 
   0   224  0.90   5.3 
   0   223  0.88   5.4 
   0   220  0.87   5.4 
   0   230  0.84   5.2 
   0   234  0.82   5.1 
   0   223  0.89   5.4 
   0   228  0.87   5.2 
   0   236  0.86   5.0 
   0   226  0.85   5.3 
   0   240  0.80   5.0 
   0   230  0.81   5.2 
   0   232  0.76   5.1 
   0   225  0.84   5.3 
   0   229  0.84   5.2 
   0   239  0.71   5.0 
   0   230  0.80   5.2 
   0   230  0.85   5.2 
   0   234  0.81   5.1 
   0   256  0.67   4.7 
   0   249  0.75   4.8 
   0   256  0.73   4.7 
   0   251  0.69   4.8 
   0   246  0.80   4.9 
   0   253  0.78   4.7 
   0   245  0.77   4.9 
   0   248  0.77   4.8 
   0   268  0.75   4.5 
   0   260  0.80   4.6 
   0   273  0.71   4.4 
   0   245  0.80   4.9 
   0   262  0.81   4.6 
   0   261  0.95   4.6 
   0   262  0.90   4.6 
   0   251  0.93   4.8 
   0   243  1.06   4.9 
   0   238  1.09   5.0 
   0   246  0.91   4.8 
   0   248  0.87   4.8 
   0   231  0.97   5.2 
   0   252  0.91   4.7 
   0   258  0.96   4.6 
   0   247  1.00   4.8 
   0   230  1.08   5.2 
   0   236  1.06   5.1 
   0   226  1.19   5.2 
   0   234  1.31   5.1 
   0   227  1.55   5.3 
   0   214  1.81   5.6 
   0   200  1.91   6.0 
   0   196  2.05   6.1 
   0   195  1.93   6.1 
   0   187  1.94   6.4 
   0   183  2.03   6.5 
   0   182  2.03   6.6 
   0   190  1.87   6.2 
   0   191  1.95   6.3 
   0   188  1.99   6.4 
   0   176  2.04   6.8 
   0   186  2.06   6.4 
   0   185  2.07   6.4 
   0   177  2.14   6.7 
   0   191  2.03   6.2 
   0   171  2.18   7.0 
   0   181  2.24   6.5 
   0   178  2.13   6.7 
   0   182  2.10   6.5 
   0   198  1.98   6.1 
   0   179  2.11   6.6 
   0   187  2.11   6.4 
   0   174  2.23   6.9 
   0   182  2.15   6.5 
   0   177  2.14   6.8 
   0   173  2.34   6.9 
   0   174  1.97   6.9 
   0   175  2.07   6.8 
   0   179  2.02   6.7 
   0   171  2.12   6.9 
   0   172  2.04   7.0 
   0   177  2.07   6.7 
   0   173  2.11   6.9 
   0   172  2.05   6.9 
   0   160  2.02   7.4 
   0   168  2.11   7.1 
   0   172  1.89   7.0 
   0   177  1.81   6.7 
   0   161  1.85   7.4 
   0   152  2.03   7.9 
   0   155  1.94   7.7 
   0   160  1.71   7.4 
   0   151  1.93   7.9 
   0   152  1.91   7.8 
   0   146  1.84   8.1 
   0   152  1.71   7.8 
   0   154  1.76   7.7 
   0   148  1.88   8.0 
   0   139  1.87   8.6 
   0   128  2.10   9.3 
   0   138  1.97   8.7 
   0   141  1.97   8.4 
   0   134  1.96   8.9 
   0   139  2.14   8.5 
   0   137  1.98   8.7 
   0   136  1.96   8.8 
   0   131  2.30   9.1 
   0   131  2.23   9.1 
   0   140  2.22   8.5 
   0   145  2.05   8.2 
   0   154  1.87   7.7 
   0   175  1.77   6.8 
   0   164  2.05   7.3 
   0   180  1.89   6.6 
   0   181  1.88   6.6 
   0   193  1.77   6.2 
   0   184  1.92   6.5 
   0   180  1.88   6.6 
   0   183  1.84   6.5 
   0   191  1.84   6.3 
   0   176  2.04   6.8 
   0   174  2.06   6.8 
   0   178  2.04   6.7 
   0   195  1.83   6.1 
   0   186  2.08   6.4 
   0   186  2.02   6.4 
   0   192  2.00   6.2 
   0   188  2.11   6.4 
   0   180  2.20   6.6 
   0   191  2.00   6.2 
   0   179  2.21   6.7 
   0   180  2.20   6.6 
   0   179  2.18   6.7 
   0   184  2.16   6.5 
   0   182  2.14   6.5 
   0   188  2.05   6.4 
   0   186  2.22   6.4 
   0   185  2.08   6.4 
   0   183  2.07   6.5 
   0   175  2.24   6.8 
   0   177  2.18   6.7 
   0   183  2.14   6.5 
   0   174  2.09   6.8 
   0   186  1.89   6.4 
   0   188  1.93   6.4 
   0   191  1.90   6.2 
   0   197  1.81   6.0 
   0   184  1.93   6.5 
   0   181  1.92   6.6 
   0   190  1.81   6.3 
   0   192  1.83   6.2 
   0   201  1.63   6.0 
   0   189  1.70   6.3 
   0   198  1.61   6.0 
   0   196  1.58   6.1 
   0   197  1.59   6.0 
   0   205  1.47   5.8 
   0   201  1.57   5.9 
   0   207  1.45   5.8 
   0   199  1.52   6.0 
   0   200  1.47   6.0 
   0   200  1.48   5.9 
   0   208  1.42   5.7 
   0   202  1.48   5.9 
   0   209  1.40   5.7 
   0   201  1.50   5.9 
   0   201  1.56   5.9 
   0   208  1.46   5.7 
   0   206  1.49   5.8 
   0   213  1.32   5.6 
   0   210  1.46   5.7 
   0   207  1.45   5.8 
   0   212  1.41   5.6 
   0   206  1.40   5.8 
   0   205  1.39   5.8 
   0   202  1.46   5.9 
   0   207  1.37   5.8 
   0   204  1.38   5.8 
   0   201  1.40   5.9 
   0   204  1.33   5.9 
   0   204  1.27   5.8 
   0   216  1.20   5.5 
   0   200  1.32   6.0 
   0   211  1.20   5.6 
   0   203  1.25   5.9 
   0   205  1.27   5.8 
   0   207  1.27   5.8 
   0   203  1.17   5.9 
   0   212  1.12   5.6 
   0   204  1.23   5.8 
   0   213  1.16   5.6 
   0   204  1.16   5.8 
   0   222  1.10   5.4 
   0   213  1.06   5.6 
   0   215  1.08   5.5 
   0   210  1.11   5.7 
   0   205  1.11   5.8 
   0   209  1.10   5.7 
   0   210  1.08   5.7 
   0   217  1.08   5.5 
   0   218  1.13   5.5 
   0   218  1.09   5.5 
   0   224  1.03   5.3 
   0   221  1.11   5.4 
   0   234  1.03   5.1 
   0   212  1.13   5.6 
   0   219  1.06   5.5 
   0   223  1.12   5.4 
   0   226  1.08   5.3 
   0   227  1.05   5.2 
   0   235  0.99   5.1 
   0   238  1.02   5.0 
   0   249  1.01   4.8 
   0   233  1.14   5.1 
   0   228  1.08   5.2 
   0   225  1.11   5.3 
   0   231  1.13   5.2 
   0   240  1.15   5.0 
   0   238  1.14   5.0 
   0   186  1.10   4.7 
   0   230  1.10   5.2 
   0   241  0.98   5.0 
   0   227  1.08   5.3 
   0   223  1.05   5.3 
   0   222  1.07   5.4 
   0   222  0.99   5.4 
   0   217  1.09   5.5 
   0   200  1.08   6.0 
   0   208  1.11   5.7 
   0   199  1.11   6.0 
   0   202  1.02   5.9 
   0   198  1.13   6.0 
   0   199  1.05   6.0 
   0   193  1.07   6.2 
   0   208  0.92   5.7 
   0   186  1.13   6.4 
   0   186  1.10   6.4 
   0   194  1.01   6.2 
   0   201  0.95   5.9 
   0   198  0.98   6.0 
   0   186  1.11   6.4 
   0   198  1.05   6.0 
   0   196  1.09   6.1 
   0   191  1.08   6.2 
   0   194  1.07   6.2 
   0   198  1.06   6.0 
   0   194  1.08   6.1 
   0   200  1.02   6.0 
   0   201  1.15   5.9 
   0   202  1.19   5.9 
   0   196  1.27   6.0 
   0   204  1.30   5.9 
   0   213  1.41   5.6 
   0   211  1.48   5.6 
   0   216  1.62   5.5 
   0   216  1.60   5.5 
   0   210  1.54   5.6 
   0   234  1.49   5.1 
   0   220  1.44   5.4 
   0   225  1.40   5.3 
   0   216  1.50   5.5 
   0   213  1.46   5.6 
   0   215  1.35   5.5 
   0   211  1.46   5.6 
   0   212  1.43   5.6 
   0   214  1.41   5.6 
   0   221  1.28   5.4 
   0   223  1.27   5.3 
   0   227  1.26   5.3 
   0   223  1.37   5.4 
   0   225  1.38   5.3 
   0   231  1.37   5.2 
   0   215  1.40   5.6 
   0   232  1.29   5.1 
   0   236  1.23   5.1 
   0   231  1.24   5.2 
   0   228  1.25   5.2 
   0   225  1.27   5.3 
   0   231  1.20   5.2 
   0   226  1.27   5.3 
   0   223  1.25   5.3 
   0   229  1.25   5.2 
   0   230  1.17   5.2 
   0   226  1.30   5.3 
   0   218  1.34   5.5 
   0   232  1.28   5.1 
   0   240  1.23   5.0 
   0   225  1.38   5.3 
   0   215  1.35   5.5 
   0   208  1.40   5.7 
   0   224  1.27   5.3 
   0   207  1.38   5.8 
   0   211  1.33   5.7 
   0   217  1.27   5.5 
   0   227  1.21   5.3 
   0   216  1.29   5.5 
   0   227  1.20   5.3 
   0   235  1.19   5.1 
   0   218  1.20   5.5 
   0   217  1.25   5.5 
9999  9999 99.99 999.9 
   0   213  1.24   5.6 
   0   227  1.21   5.3 
   0   227  1.14   5.3 
   0   226  1.13   5.3 
   0   227  1.08   5.3 
   0   218  1.17   5.5 
   0   220  1.11   5.4 
   0   234  1.08   5.1 
   0   229  1.11   5.2 
   0   219  1.13   5.4 
   0   228  1.07   5.3 
   0   224  1.20   5.3 
   0   239  1.07   5.0 
   0   225  1.18   5.3 
   0   232  1.05   5.1 
   0   236  1.04   5.1 
   0   224  1.13   5.3 
   0   217  1.19   5.5 
   0   233  1.03   5.1 
   0   222  1.12   5.4 
   0   223  1.06   5.3 
   0   238  0.94   5.0 
   0   224  1.09   5.3 
   0   229  0.96   5.2 
   0   218  1.00   5.5 
   0   226  0.94   5.3 
   0   222  0.96   5.4 
   0   220  0.94   5.4 
   0   219  0.88   5.4 
   0   223  0.86   5.4 
   0   230  0.75   5.2 
   0   228  0.78   5.2 
   0   226  0.72   5.3 
   0   221  0.75   5.4 
   0   219  0.75   5.5 
   0   213  0.70   5.6 
   0   220  0.71   5.4 
   0   221  0.65   5.4 
   0   214  0.69   5.6 
   0   239  0.59   5.0 
9999  9999 99.99 999.9 
   0   229  0.58   5.2 
   0   229  0.62   5.2 
   0   229  0.65   5.2 
   0   237  0.57   5.0 
   0   225  0.55   5.2 
   0   233  0.54   5.1 
   0   252  0.47   4.7 
   0   259  0.47   4.6 
   0   281  0.43   4.2 
   0   286  0.41   4.2 
   0   272  0.45   4.4 
   0   267  0.45   4.5 
   0   272  0.45   4.4 
   0   276  0.41   4.3 
   0   269  0.42   4.4 
   0   260  0.45   4.6 
   0   275  0.48   4.3 
   0   286  0.43   4.2 
   0   281  0.46   4.2 
   0   293  0.45   4.1 
   0   283  0.49   4.2 
   0   307  0.50   3.9 
   0   300  0.52   4.0 
   0   292  0.51   4.1 
   0   299  0.60   4.0 
   0   292  0.72   4.1 
   0   279  0.82   4.3 
   0   282  0.83   4.2 
   0   279  0.86   4.3 
   0   270  0.96   4.4 
   0   274  0.93   4.4 
   0   269  0.89   4.4 
   0   267  0.85   4.5 
   0   272  0.89   4.4 
   0   268  0.86   4.5 
   0   270  0.86   4.4 
   0   268  0.84   4.5 
   0   278  0.77   4.3 
   0   267  0.77   4.5 
   0   269  0.76   4.4 
   0   287  0.69   4.1 
   0   265  0.78   4.5 
   0   271  0.77   4.4 
   0   267  0.80   4.5 
   0   265  0.87   4.5 
   0   273  0.85   4.4 
   0   251  1.05   4.8 
   0   248  1.07   4.8 
   0   245  1.16   4.9 
   0   256  1.00   4.7 
   0   255  0.93   4.7 
   0   259  0.93   4.6 
   0   269  0.87   4.4 
   0   264  0.86   4.5 
   0   248  0.97   4.8 
   0   241  1.02   4.9 
   0   235  1.08   5.1 
   0   225  1.15   5.3 
   0   241  1.04   5.0 
   0   232  1.05   5.1 
   0   235  1.09   5.1 
   0   228  1.14   5.2 
   0   237  1.04   5.0 
   0   230  1.09   5.2 
   0   221  1.17   5.4 
   0   218  1.15   5.5 
   0   230  1.09   5.2 
   0   227  1.06   5.2 
   0   224  1.06   5.3 
   0   232  0.98   5.1 
   0   224  0.98   5.3 
   0   235  0.99   5.1 
   0   232  1.04   5.2 
   0   227  1.12   5.2 
   0   219  1.11   5.4 
   0   234  1.02   5.1 
   0   214  1.09   5.6 
   0   238  0.99   5.0 
   0   223  1.02   5.3 
   0   217  1.08   5.5 
   0   229  1.01   5.2 
   0   213  1.07   5.6 
   0   219  1.05   5.5 
   0   231  1.12   5.2 
   0   229  1.08   5.2 
   0   218  1.13   5.5 
   0   230  1.05   5.2 
   0   228  1.01   5.2 
   0   219  1.07   5.4 
   0   215  1.20   5.5 
   0   221  1.15   5.4 
   0   237  0.98   5.0 
   0   218  1.18   5.5 
   0   229  1.07   5.2 
   0   232  1.18   5.2 
   0   233  1.18   5.1 
   0   220  1.23   5.4 
   0   229  1.24   5.2 
   0   237  1.24   5.0 
   0   223  1.35   5.3 
   0   224  1.36   5.3 
   0   228  1.41   5.2 
   0   223  1.40   5.4 
   0   231  1.40   5.2 
   0   199  1.73   6.0 
   0   198  1.88   6.0 
   0   193  2.22   6.2 
   0   179  2.64   6.7 
   0   176  2.66   6.8 
   0   178  2.69   6.7 
   0   170  2.88   7.0 
   0   174  2.55   6.9 
   0   180  2.48   6.6 
   0   167  3.00   7.2 
   0   188  2.40   6.3 
   0   175  2.65   6.8 
   0   180  2.51   6.6 
   0   189  2.59   6.3 
   0   176  2.72   6.8 
   0   172  2.71   6.9 
   0   171  2.81   7.0 
   0   187  2.53   6.4 
   0   186  2.48   6.4 
   0   182  2.52   6.5 
   0   181  2.67   6.6 
   0   190  2.42   6.3 
   0   189  2.41   6.3 
   0   188  2.28   6.3 
   0   196  2.18   6.1 
   0   187  2.29   6.4 
   0   195  2.11   6.1 
   0   194  2.01   6.2 
   0   208  1.95   5.7 
   0   204  2.06   5.9 
   0   205  1.82   5.8 
   0   195  2.04   6.1 
   0   192  2.12   6.2 
   0   192  2.04   6.2 
   0   195  2.07   6.1 
   0   191  2.14   6.3 
   0   198  2.00   6.0 
   0   205  1.85   5.8 
   0   202  1.83   5.9 
   0   208  1.88   5.6 
   0   198  1.97   6.0 
   0   206  1.83   5.8 
   0   205  1.77   5.8 
   0   193  1.83   6.2 
   0   192  1.81   6.2 
   0   189  1.79   6.3 
   0   189  1.79   6.3 
   0   204  1.51   5.8 
   0   200  1.61   6.0 
   0   205  1.59   5.8 
   0   193  1.71   6.2 
   0   214  1.51   5.6 
   0   205  1.49   5.8 
   0   211  1.54   5.6 
   0   211  1.68   5.6 
   0   209  1.63   5.7 
   0   205  1.73   5.8 
   0   194  1.90   6.2 
   0   194  1.91   6.2 
   0   188  1.98   6.3 
   0   189  1.87   6.3 
   0   207  1.66   5.8 
   0   207  1.50   5.8 
   0   198  1.59   6.0 
