5.799999999999999600e-01 5.099999999999999645e+00
5.200000000000000178e-01 6.099999999999999645e+00
4.899999999999999911e-01 6.799999999999999822e+00
4.000000000000000222e-01 6.299999999999999822e+00
4.099999999999999756e-01 6.099999999999999645e+00
4.000000000000000222e-01 7.099999999999999645e+00
3.599999999999999867e-01 6.900000000000000355e+00
3.599999999999999867e-01 7.200000000000000178e+00
3.400000000000000244e-01 7.400000000000000355e+00
4.500000000000000111e-01 7.299999999999999822e+00
4.500000000000000111e-01 5.700000000000000178e+00
5.400000000000000355e-01 6.799999999999999822e+00
4.899999999999999911e-01 7.099999999999999645e+00
4.000000000000000222e-01 6.400000000000000355e+00
4.000000000000000222e-01 6.099999999999999645e+00
4.099999999999999756e-01 6.799999999999999822e+00
4.000000000000000222e-01 7.400000000000000355e+00
3.400000000000000244e-01 7.500000000000000000e+00
3.300000000000000155e-01 7.299999999999999822e+00
3.300000000000000155e-01 4.599999999999999645e+00
5.500000000000000444e-01 4.299999999999999822e+00
6.199999999999999956e-01 5.099999999999999645e+00
6.899999999999999467e-01 5.200000000000000178e+00
6.099999999999999867e-01 5.599999999999999645e+00
8.199999999999999512e-01 4.500000000000000000e+00
1.110000000000000098e+00 5.200000000000000178e+00
8.399999999999999689e-01 5.099999999999999645e+00
7.900000000000000355e-01 5.700000000000000178e+00
6.700000000000000400e-01 5.099999999999999645e+00
6.199999999999999956e-01 4.799999999999999822e+00
5.899999999999999689e-01 4.299999999999999822e+00
4.899999999999999911e-01 5.799999999999999822e+00
4.099999999999999756e-01 5.900000000000000355e+00
3.900000000000000133e-01 5.500000000000000000e+00
3.699999999999999956e-01 6.500000000000000000e+00
4.099999999999999756e-01 7.299999999999999822e+00
3.800000000000000044e-01 6.900000000000000355e+00
3.599999999999999867e-01 6.799999999999999822e+00
3.300000000000000155e-01 6.200000000000000178e+00
3.800000000000000044e-01 6.700000000000000178e+00
4.299999999999999933e-01 6.000000000000000000e+00
4.500000000000000111e-01 6.299999999999999822e+00
4.799999999999999822e-01 6.200000000000000178e+00
5.200000000000000178e-01 5.700000000000000178e+00
4.899999999999999911e-01 6.400000000000000355e+00
5.500000000000000444e-01 7.099999999999999645e+00
5.300000000000000266e-01 7.599999999999999645e+00
4.899999999999999911e-01 7.299999999999999822e+00
4.699999999999999734e-01 7.099999999999999645e+00
5.000000000000000000e-01 7.099999999999999645e+00
4.500000000000000111e-01 6.099999999999999645e+00
4.000000000000000222e-01 6.400000000000000355e+00
3.499999999999999778e-01 7.099999999999999645e+00
2.800000000000000266e-01 6.400000000000000355e+00
3.400000000000000244e-01 6.200000000000000178e+00
3.099999999999999978e-01 6.900000000000000355e+00
2.999999999999999889e-01 6.700000000000000178e+00
2.700000000000000178e-01 6.400000000000000355e+00
2.999999999999999889e-01 6.200000000000000178e+00
8.199999999999999512e-01 4.500000000000000000e+00
6.500000000000000222e-01 4.599999999999999645e+00
5.799999999999999600e-01 5.000000000000000000e+00
6.899999999999999467e-01 5.000000000000000000e+00
7.500000000000000000e-01 4.500000000000000000e+00
7.299999999999999822e-01 4.900000000000000355e+00
7.700000000000000178e-01 5.000000000000000000e+00
7.199999999999999734e-01 5.099999999999999645e+00
7.500000000000000000e-01 5.700000000000000178e+00
8.199999999999999512e-01 6.299999999999999822e+00
