4.400000000000000022e-01 5.200000000000000178e+00
4.299999999999999933e-01 5.000000000000000000e+00
4.199999999999999845e-01 5.099999999999999645e+00
3.699999999999999956e-01 5.200000000000000178e+00
4.299999999999999933e-01 5.700000000000000178e+00
3.800000000000000044e-01 5.599999999999999645e+00
3.800000000000000044e-01 5.700000000000000178e+00
3.400000000000000244e-01 5.799999999999999822e+00
3.200000000000000067e-01 6.000000000000000000e+00
3.200000000000000067e-01 6.099999999999999645e+00
3.699999999999999956e-01 4.500000000000000000e+00
9.200000000000000400e-01 4.500000000000000000e+00
1.060000000000000053e+00 4.700000000000000178e+00
1.100000000000000089e+00 4.900000000000000355e+00
9.699999999999999734e-01 5.200000000000000178e+00
9.100000000000000311e-01 4.900000000000000355e+00
7.800000000000000266e-01 5.000000000000000000e+00
7.099999999999999645e-01 5.299999999999999822e+00
6.600000000000000311e-01 4.900000000000000355e+00
6.300000000000000044e-01 5.099999999999999645e+00
5.999999999999999778e-01 5.500000000000000000e+00
5.300000000000000266e-01 5.500000000000000000e+00
5.100000000000000089e-01 5.099999999999999645e+00
5.799999999999999600e-01 5.200000000000000178e+00
6.300000000000000044e-01 5.099999999999999645e+00
7.399999999999999911e-01 5.200000000000000178e+00
9.499999999999999556e-01 4.900000000000000355e+00
1.010000000000000009e+00 5.500000000000000000e+00
8.800000000000000044e-01 5.400000000000000355e+00
7.800000000000000266e-01 5.599999999999999645e+00
9.000000000000000222e-01 5.500000000000000000e+00
9.499999999999999556e-01 6.099999999999999645e+00
7.199999999999999734e-01 6.400000000000000355e+00
8.199999999999999512e-01 6.099999999999999645e+00
9.200000000000000400e-01 5.400000000000000355e+00
1.040000000000000036e+00 5.700000000000000178e+00
9.699999999999999734e-01 5.799999999999999822e+00
9.699999999999999734e-01 6.400000000000000355e+00
8.299999999999999600e-01 6.599999999999999645e+00
7.900000000000000355e-01 6.900000000000000355e+00
7.399999999999999911e-01 6.700000000000000178e+00
6.400000000000000133e-01 7.200000000000000178e+00
4.699999999999999734e-01 6.700000000000000178e+00
4.699999999999999734e-01 7.299999999999999822e+00
4.899999999999999911e-01 7.700000000000000178e+00
4.899999999999999911e-01 7.500000000000000000e+00
4.000000000000000222e-01 7.200000000000000178e+00
4.199999999999999845e-01 7.700000000000000178e+00
4.299999999999999933e-01 7.599999999999999645e+00
4.299999999999999933e-01 6.900000000000000355e+00
3.800000000000000044e-01 7.000000000000000000e+00
3.699999999999999956e-01 7.400000000000000355e+00
3.099999999999999978e-01 6.700000000000000178e+00
2.999999999999999889e-01 6.500000000000000000e+00
3.599999999999999867e-01 7.700000000000000178e+00
3.699999999999999956e-01 7.299999999999999822e+00
3.599999999999999867e-01 7.299999999999999822e+00
3.699999999999999956e-01 7.400000000000000355e+00
4.199999999999999845e-01 6.900000000000000355e+00
5.300000000000000266e-01 5.500000000000000000e+00
5.200000000000000178e-01 5.900000000000000355e+00
5.100000000000000089e-01 6.200000000000000178e+00
5.300000000000000266e-01 6.799999999999999822e+00
6.700000000000000400e-01 7.500000000000000000e+00
7.199999999999999734e-01 6.000000000000000000e+00
1.030000000000000027e+00 6.200000000000000178e+00
1.169999999999999929e+00 5.799999999999999822e+00
1.149999999999999911e+00 6.200000000000000178e+00
9.699999999999999734e-01 6.799999999999999822e+00
