9.100000000000000311e-01 5.099999999999999645e+00
1.000000000000000000e+00 5.599999999999999645e+00
1.040000000000000036e+00 5.400000000000000355e+00
1.379999999999999893e+00 5.200000000000000178e+00
1.489999999999999991e+00 5.500000000000000000e+00
1.639999999999999902e+00 5.599999999999999645e+00
1.969999999999999973e+00 6.099999999999999645e+00
2.169999999999999929e+00 6.500000000000000000e+00
2.399999999999999911e+00 6.700000000000000178e+00
2.500000000000000000e+00 6.700000000000000178e+00
2.919999999999999929e+00 7.200000000000000178e+00
2.589999999999999858e+00 6.799999999999999822e+00
2.859999999999999876e+00 7.400000000000000355e+00
3.049999999999999822e+00 7.700000000000000178e+00
3.379999999999999893e+00 8.099999999999999645e+00
3.779999999999999805e+00 9.300000000000000711e+00
3.700000000000000178e+00 8.699999999999999289e+00
3.839999999999999858e+00 9.400000000000000355e+00
3.540000000000000036e+00 9.400000000000000355e+00
3.089999999999999858e+00 7.799999999999999822e+00
3.379999999999999893e+00 8.500000000000000000e+00
3.089999999999999858e+00 8.800000000000000711e+00
3.310000000000000053e+00 9.099999999999999645e+00
2.879999999999999893e+00 8.400000000000000355e+00
3.169999999999999929e+00 9.000000000000000000e+00
2.629999999999999893e+00 9.300000000000000711e+00
2.370000000000000107e+00 8.699999999999999289e+00
2.720000000000000195e+00 9.500000000000000000e+00
2.290000000000000036e+00 8.800000000000000711e+00
2.430000000000000160e+00 9.500000000000000000e+00
2.970000000000000195e+00 1.119999999999999929e+01
2.240000000000000213e+00 9.099999999999999645e+00
2.200000000000000178e+00 9.599999999999999645e+00
2.439999999999999947e+00 1.019999999999999929e+01
2.680000000000000160e+00 1.169999999999999929e+01
1.919999999999999929e+00 9.500000000000000000e+00
1.790000000000000036e+00 9.400000000000000355e+00
1.899999999999999911e+00 1.009999999999999964e+01
1.850000000000000089e+00 9.599999999999999645e+00
2.040000000000000036e+00 1.130000000000000071e+01
1.550000000000000044e+00 1.040000000000000036e+01
1.709999999999999964e+00 1.050000000000000000e+01
1.580000000000000071e+00 1.030000000000000071e+01
1.580000000000000071e+00 1.059999999999999964e+01
1.590000000000000080e+00 1.130000000000000071e+01
1.340000000000000080e+00 1.069999999999999929e+01
1.030000000000000027e+00 9.599999999999999645e+00
1.149999999999999911e+00 9.199999999999999289e+00
9.100000000000000311e-01 9.300000000000000711e+00
7.600000000000000089e-01 8.400000000000000355e+00
8.399999999999999689e-01 6.299999999999999822e+00
7.700000000000000178e-01 5.500000000000000000e+00
8.800000000000000044e-01 5.299999999999999822e+00
7.600000000000000089e-01 5.500000000000000000e+00
6.899999999999999467e-01 6.099999999999999645e+00
7.099999999999999645e-01 5.099999999999999645e+00
5.699999999999999512e-01 5.200000000000000178e+00
5.799999999999999600e-01 5.599999999999999645e+00
5.899999999999999689e-01 5.400000000000000355e+00
5.799999999999999600e-01 5.799999999999999822e+00
5.799999999999999600e-01 4.700000000000000178e+00
6.300000000000000044e-01 4.700000000000000178e+00
6.800000000000000488e-01 4.299999999999999822e+00
6.999999999999999556e-01 4.700000000000000178e+00
5.799999999999999600e-01 5.099999999999999645e+00
5.200000000000000178e-01 6.099999999999999645e+00
4.899999999999999911e-01 6.799999999999999822e+00
4.000000000000000222e-01 6.299999999999999822e+00
4.099999999999999756e-01 6.099999999999999645e+00
