6.300000000000000044e-01 8.199999999999999289e+00
6.099999999999999867e-01 8.300000000000000711e+00
6.600000000000000311e-01 8.599999999999999645e+00
6.199999999999999956e-01 7.799999999999999822e+00
5.600000000000000533e-01 6.500000000000000000e+00
5.500000000000000444e-01 8.199999999999999289e+00
5.699999999999999512e-01 8.199999999999999289e+00
5.500000000000000444e-01 8.000000000000000000e+00
7.500000000000000000e-01 6.000000000000000000e+00
6.500000000000000222e-01 5.799999999999999822e+00
6.500000000000000222e-01 6.299999999999999822e+00
5.699999999999999512e-01 5.700000000000000178e+00
6.800000000000000488e-01 6.900000000000000355e+00
6.199999999999999956e-01 6.500000000000000000e+00
5.600000000000000533e-01 6.500000000000000000e+00
6.300000000000000044e-01 7.500000000000000000e+00
4.600000000000000200e-01 6.599999999999999645e+00
4.400000000000000022e-01 7.200000000000000178e+00
4.299999999999999933e-01 6.500000000000000000e+00
3.900000000000000133e-01 7.000000000000000000e+00
3.900000000000000133e-01 7.500000000000000000e+00
3.900000000000000133e-01 7.400000000000000355e+00
3.599999999999999867e-01 7.000000000000000000e+00
3.300000000000000155e-01 7.099999999999999645e+00
3.300000000000000155e-01 5.900000000000000355e+00
3.200000000000000067e-01 5.099999999999999645e+00
3.599999999999999867e-01 5.400000000000000355e+00
3.499999999999999778e-01 5.299999999999999822e+00
3.200000000000000067e-01 4.599999999999999645e+00
3.400000000000000244e-01 5.400000000000000355e+00
3.200000000000000067e-01 4.799999999999999822e+00
3.599999999999999867e-01 5.400000000000000355e+00
3.699999999999999956e-01 5.299999999999999822e+00
6.600000000000000311e-01 3.799999999999999822e+00
8.299999999999999600e-01 4.299999999999999822e+00
7.900000000000000355e-01 4.099999999999999645e+00
7.099999999999999645e-01 4.200000000000000178e+00
8.699999999999999956e-01 4.400000000000000355e+00
6.999999999999999556e-01 4.200000000000000178e+00
7.500000000000000000e-01 4.400000000000000355e+00
7.199999999999999734e-01 4.500000000000000000e+00
7.199999999999999734e-01 4.500000000000000000e+00
9.000000000000000222e-01 4.500000000000000000e+00
8.100000000000000533e-01 4.400000000000000355e+00
8.499999999999999778e-01 4.599999999999999645e+00
6.800000000000000488e-01 4.599999999999999645e+00
6.800000000000000488e-01 4.700000000000000178e+00
7.099999999999999645e-01 5.099999999999999645e+00
6.300000000000000044e-01 5.200000000000000178e+00
5.999999999999999778e-01 5.200000000000000178e+00
5.400000000000000355e-01 5.000000000000000000e+00
5.200000000000000178e-01 4.799999999999999822e+00
5.400000000000000355e-01 5.200000000000000178e+00
5.400000000000000355e-01 5.599999999999999645e+00
4.699999999999999734e-01 4.799999999999999822e+00
4.799999999999999822e-01 5.200000000000000178e+00
4.400000000000000022e-01 5.200000000000000178e+00
4.299999999999999933e-01 5.000000000000000000e+00
4.199999999999999845e-01 5.099999999999999645e+00
3.699999999999999956e-01 5.200000000000000178e+00
4.299999999999999933e-01 5.700000000000000178e+00
3.800000000000000044e-01 5.599999999999999645e+00
3.800000000000000044e-01 5.700000000000000178e+00
3.400000000000000244e-01 5.799999999999999822e+00
3.200000000000000067e-01 6.000000000000000000e+00
3.200000000000000067e-01 6.099999999999999645e+00
3.699999999999999956e-01 4.500000000000000000e+00
9.200000000000000400e-01 4.500000000000000000e+00
1.060000000000000053e+00 4.700000000000000178e+00
