7.600000000000000089e-01 6.200000000000000178e+00
7.600000000000000089e-01 6.400000000000000355e+00
7.199999999999999734e-01 6.900000000000000355e+00
1.159999999999999920e+00 4.700000000000000178e+00
1.610000000000000098e+00 5.500000000000000000e+00
1.830000000000000071e+00 6.000000000000000000e+00
1.399999999999999911e+00 5.299999999999999822e+00
1.300000000000000044e+00 5.099999999999999645e+00
1.429999999999999938e+00 5.599999999999999645e+00
1.479999999999999982e+00 5.700000000000000178e+00
1.350000000000000089e+00 5.400000000000000355e+00
1.159999999999999920e+00 5.099999999999999645e+00
1.110000000000000098e+00 5.000000000000000000e+00
9.799999999999999822e-01 5.700000000000000178e+00
1.040000000000000036e+00 5.400000000000000355e+00
9.599999999999999645e-01 5.400000000000000355e+00
9.699999999999999734e-01 5.900000000000000355e+00
9.399999999999999467e-01 5.599999999999999645e+00
9.699999999999999734e-01 5.299999999999999822e+00
1.010000000000000009e+00 5.400000000000000355e+00
9.599999999999999645e-01 5.099999999999999645e+00
1.080000000000000071e+00 5.299999999999999822e+00
1.209999999999999964e+00 5.900000000000000355e+00
1.100000000000000089e+00 6.200000000000000178e+00
1.040000000000000036e+00 6.599999999999999645e+00
8.000000000000000444e-01 6.400000000000000355e+00
9.399999999999999467e-01 7.299999999999999822e+00
8.000000000000000444e-01 6.500000000000000000e+00
7.299999999999999822e-01 5.400000000000000355e+00
6.999999999999999556e-01 5.799999999999999822e+00
7.700000000000000178e-01 6.799999999999999822e+00
6.800000000000000488e-01 5.400000000000000355e+00
6.199999999999999956e-01 5.200000000000000178e+00
5.200000000000000178e-01 4.900000000000000355e+00
6.999999999999999556e-01 4.700000000000000178e+00
5.799999999999999600e-01 4.900000000000000355e+00
6.300000000000000044e-01 5.200000000000000178e+00
6.199999999999999956e-01 5.500000000000000000e+00
5.799999999999999600e-01 6.099999999999999645e+00
5.699999999999999512e-01 5.700000000000000178e+00
6.800000000000000488e-01 4.299999999999999822e+00
7.800000000000000266e-01 4.400000000000000355e+00
9.100000000000000311e-01 4.700000000000000178e+00
1.070000000000000062e+00 4.900000000000000355e+00
1.129999999999999893e+00 4.700000000000000178e+00
1.120000000000000107e+00 5.000000000000000000e+00
1.350000000000000089e+00 5.200000000000000178e+00
1.429999999999999938e+00 5.400000000000000355e+00
1.429999999999999938e+00 5.500000000000000000e+00
1.449999999999999956e+00 5.599999999999999645e+00
1.379999999999999893e+00 5.900000000000000355e+00
1.199999999999999956e+00 6.200000000000000178e+00
1.060000000000000053e+00 6.000000000000000000e+00
8.399999999999999689e-01 5.700000000000000178e+00
1.050000000000000044e+00 5.500000000000000000e+00
1.139999999999999902e+00 5.500000000000000000e+00
9.399999999999999467e-01 5.599999999999999645e+00
8.499999999999999778e-01 6.099999999999999645e+00
6.999999999999999556e-01 5.799999999999999822e+00
7.099999999999999645e-01 6.400000000000000355e+00
7.700000000000000178e-01 6.900000000000000355e+00
7.099999999999999645e-01 6.799999999999999822e+00
6.300000000000000044e-01 6.700000000000000178e+00
6.099999999999999867e-01 6.500000000000000000e+00
6.300000000000000044e-01 7.000000000000000000e+00
5.899999999999999689e-01 6.000000000000000000e+00
5.699999999999999512e-01 5.400000000000000355e+00
6.999999999999999556e-01 5.799999999999999822e+00
7.800000000000000266e-01 6.000000000000000000e+00
