1.340000000000000080e+00 6.400000000000000355e+00
1.330000000000000071e+00 6.500000000000000000e+00
1.189999999999999947e+00 6.599999999999999645e+00
1.159999999999999920e+00 6.599999999999999645e+00
1.030000000000000027e+00 7.000000000000000000e+00
9.000000000000000222e-01 6.700000000000000178e+00
8.199999999999999512e-01 7.000000000000000000e+00
8.900000000000000133e-01 7.299999999999999822e+00
7.900000000000000355e-01 6.799999999999999822e+00
8.800000000000000044e-01 6.700000000000000178e+00
8.000000000000000444e-01 6.000000000000000000e+00
9.000000000000000222e-01 6.500000000000000000e+00
8.399999999999999689e-01 6.500000000000000000e+00
8.399999999999999689e-01 7.099999999999999645e+00
7.600000000000000089e-01 6.700000000000000178e+00
7.500000000000000000e-01 7.000000000000000000e+00
7.399999999999999911e-01 6.700000000000000178e+00
6.400000000000000133e-01 6.299999999999999822e+00
7.199999999999999734e-01 6.599999999999999645e+00
6.700000000000000400e-01 5.700000000000000178e+00
6.600000000000000311e-01 6.900000000000000355e+00
7.199999999999999734e-01 6.599999999999999645e+00
8.299999999999999600e-01 6.700000000000000178e+00
8.000000000000000444e-01 6.400000000000000355e+00
7.900000000000000355e-01 6.299999999999999822e+00
7.900000000000000355e-01 6.299999999999999822e+00
9.699999999999999734e-01 6.500000000000000000e+00
9.200000000000000400e-01 5.599999999999999645e+00
9.300000000000000488e-01 5.799999999999999822e+00
9.399999999999999467e-01 5.700000000000000178e+00
1.040000000000000036e+00 5.900000000000000355e+00
1.229999999999999982e+00 6.000000000000000000e+00
1.270000000000000018e+00 6.200000000000000178e+00
1.239999999999999991e+00 6.200000000000000178e+00
1.330000000000000071e+00 6.400000000000000355e+00
1.360000000000000098e+00 6.500000000000000000e+00
1.270000000000000018e+00 7.500000000000000000e+00
1.340000000000000080e+00 7.900000000000000355e+00
1.209999999999999964e+00 7.500000000000000000e+00
1.449999999999999956e+00 8.099999999999999645e+00
1.340000000000000080e+00 6.900000000000000355e+00
1.310000000000000053e+00 7.200000000000000178e+00
1.030000000000000027e+00 6.799999999999999822e+00
1.169999999999999929e+00 7.700000000000000178e+00
1.219999999999999973e+00 7.599999999999999645e+00
1.169999999999999929e+00 7.900000000000000355e+00
1.330000000000000071e+00 8.699999999999999289e+00
1.580000000000000071e+00 9.199999999999999289e+00
1.310000000000000053e+00 8.199999999999999289e+00
1.280000000000000027e+00 8.199999999999999289e+00
1.340000000000000080e+00 7.900000000000000355e+00
1.360000000000000098e+00 7.599999999999999645e+00
1.669999999999999929e+00 9.099999999999999645e+00
1.419999999999999929e+00 8.099999999999999645e+00
1.250000000000000000e+00 7.299999999999999822e+00
1.409999999999999920e+00 7.400000000000000355e+00
1.860000000000000098e+00 9.699999999999999289e+00
1.870000000000000107e+00 8.699999999999999289e+00
1.540000000000000036e+00 7.900000000000000355e+00
1.750000000000000000e+00 9.000000000000000000e+00
1.699999999999999956e+00 8.599999999999999645e+00
1.810000000000000053e+00 9.599999999999999645e+00
1.879999999999999893e+00 9.099999999999999645e+00
1.389999999999999902e+00 7.599999999999999645e+00
1.409999999999999920e+00 7.099999999999999645e+00
1.370000000000000107e+00 7.500000000000000000e+00
1.409999999999999920e+00 7.299999999999999822e+00
1.340000000000000080e+00 6.400000000000000355e+00
1.219999999999999973e+00 5.900000000000000355e+00
