9.000000000000000222e-01 6.400000000000000355e+00
7.199999999999999734e-01 6.400000000000000355e+00
7.399999999999999911e-01 6.799999999999999822e+00
6.400000000000000133e-01 6.599999999999999645e+00
6.300000000000000044e-01 6.599999999999999645e+00
5.699999999999999512e-01 6.500000000000000000e+00
5.899999999999999689e-01 6.500000000000000000e+00
5.000000000000000000e-01 6.400000000000000355e+00
5.300000000000000266e-01 6.099999999999999645e+00
4.899999999999999911e-01 6.099999999999999645e+00
4.699999999999999734e-01 4.900000000000000355e+00
7.299999999999999822e-01 4.400000000000000355e+00
8.399999999999999689e-01 4.500000000000000000e+00
8.599999999999999867e-01 4.299999999999999822e+00
1.159999999999999920e+00 4.900000000000000355e+00
1.060000000000000053e+00 4.799999999999999822e+00
1.060000000000000053e+00 4.799999999999999822e+00
9.300000000000000488e-01 4.700000000000000178e+00
8.299999999999999600e-01 5.099999999999999645e+00
6.999999999999999556e-01 5.200000000000000178e+00
6.899999999999999467e-01 5.700000000000000178e+00
6.099999999999999867e-01 5.200000000000000178e+00
6.700000000000000400e-01 5.500000000000000000e+00
5.999999999999999778e-01 5.599999999999999645e+00
5.999999999999999778e-01 5.900000000000000355e+00
5.799999999999999600e-01 6.099999999999999645e+00
5.899999999999999689e-01 6.000000000000000000e+00
5.200000000000000178e-01 5.799999999999999822e+00
6.099999999999999867e-01 5.799999999999999822e+00
6.500000000000000222e-01 5.599999999999999645e+00
6.400000000000000133e-01 6.400000000000000355e+00
6.199999999999999956e-01 6.799999999999999822e+00
6.500000000000000222e-01 6.500000000000000000e+00
9.000000000000000222e-01 4.500000000000000000e+00
1.209999999999999964e+00 5.000000000000000000e+00
1.300000000000000044e+00 5.000000000000000000e+00
1.149999999999999911e+00 4.900000000000000355e+00
1.270000000000000018e+00 5.000000000000000000e+00
1.250000000000000000e+00 5.099999999999999645e+00
1.320000000000000062e+00 5.099999999999999645e+00
1.370000000000000107e+00 5.599999999999999645e+00
1.489999999999999991e+00 5.900000000000000355e+00
1.679999999999999938e+00 5.700000000000000178e+00
1.600000000000000089e+00 5.700000000000000178e+00
1.479999999999999982e+00 5.799999999999999822e+00
1.449999999999999956e+00 5.900000000000000355e+00
1.570000000000000062e+00 5.799999999999999822e+00
1.610000000000000098e+00 6.000000000000000000e+00
1.489999999999999991e+00 6.200000000000000178e+00
1.449999999999999956e+00 6.400000000000000355e+00
1.459999999999999964e+00 5.900000000000000355e+00
1.409999999999999920e+00 6.400000000000000355e+00
1.179999999999999938e+00 6.500000000000000000e+00
1.340000000000000080e+00 7.500000000000000000e+00
1.080000000000000071e+00 6.900000000000000355e+00
1.060000000000000053e+00 6.799999999999999822e+00
1.129999999999999893e+00 7.500000000000000000e+00
1.060000000000000053e+00 7.500000000000000000e+00
9.599999999999999645e-01 7.299999999999999822e+00
8.699999999999999956e-01 7.000000000000000000e+00
8.100000000000000533e-01 7.500000000000000000e+00
8.299999999999999600e-01 7.200000000000000178e+00
8.399999999999999689e-01 7.700000000000000178e+00
8.399999999999999689e-01 8.000000000000000000e+00
7.900000000000000355e-01 7.799999999999999822e+00
7.299999999999999822e-01 7.099999999999999645e+00
6.999999999999999556e-01 5.799999999999999822e+00
8.100000000000000533e-01 5.599999999999999645e+00
7.399999999999999911e-01 6.200000000000000178e+00
