7.800000000000000266e-01 4.400000000000000355e+00
1.370000000000000107e+00 5.299999999999999822e+00
1.399999999999999911e+00 5.599999999999999645e+00
1.760000000000000009e+00 6.599999999999999645e+00
1.239999999999999991e+00 7.000000000000000000e+00
1.330000000000000071e+00 8.800000000000000711e+00
1.399999999999999911e+00 7.700000000000000178e+00
1.570000000000000062e+00 7.599999999999999645e+00
1.340000000000000080e+00 7.299999999999999822e+00
1.199999999999999956e+00 6.599999999999999645e+00
8.499999999999999778e-01 6.099999999999999645e+00
9.699999999999999734e-01 7.200000000000000178e+00
8.900000000000000133e-01 7.299999999999999822e+00
8.599999999999999867e-01 8.400000000000000355e+00
8.699999999999999956e-01 8.500000000000000000e+00
7.299999999999999822e-01 6.900000000000000355e+00
7.399999999999999911e-01 6.799999999999999822e+00
9.599999999999999645e-01 7.500000000000000000e+00
1.090000000000000080e+00 7.200000000000000178e+00
1.040000000000000036e+00 7.900000000000000355e+00
1.010000000000000009e+00 8.000000000000000000e+00
1.000000000000000000e+00 8.099999999999999645e+00
1.060000000000000053e+00 8.099999999999999645e+00
1.050000000000000044e+00 9.000000000000000000e+00
8.900000000000000133e-01 7.599999999999999645e+00
9.699999999999999734e-01 7.200000000000000178e+00
1.090000000000000080e+00 8.599999999999999645e+00
9.599999999999999645e-01 8.800000000000000711e+00
9.000000000000000222e-01 8.699999999999999289e+00
7.199999999999999734e-01 8.300000000000000711e+00
7.399999999999999911e-01 7.599999999999999645e+00
7.299999999999999822e-01 8.300000000000000711e+00
9.300000000000000488e-01 5.500000000000000000e+00
1.060000000000000053e+00 5.000000000000000000e+00
1.110000000000000098e+00 5.400000000000000355e+00
1.229999999999999982e+00 6.099999999999999645e+00
1.100000000000000089e+00 6.099999999999999645e+00
1.030000000000000027e+00 5.799999999999999822e+00
1.110000000000000098e+00 7.099999999999999645e+00
9.399999999999999467e-01 6.500000000000000000e+00
9.399999999999999467e-01 6.799999999999999822e+00
1.060000000000000053e+00 7.500000000000000000e+00
1.179999999999999938e+00 7.400000000000000355e+00
1.139999999999999902e+00 6.400000000000000355e+00
1.080000000000000071e+00 6.000000000000000000e+00
1.090000000000000080e+00 6.799999999999999822e+00
9.300000000000000488e-01 6.799999999999999822e+00
8.800000000000000044e-01 6.099999999999999645e+00
9.100000000000000311e-01 5.099999999999999645e+00
1.000000000000000000e+00 5.599999999999999645e+00
1.040000000000000036e+00 5.400000000000000355e+00
1.379999999999999893e+00 5.200000000000000178e+00
1.489999999999999991e+00 5.500000000000000000e+00
1.639999999999999902e+00 5.599999999999999645e+00
1.969999999999999973e+00 6.099999999999999645e+00
2.169999999999999929e+00 6.500000000000000000e+00
2.399999999999999911e+00 6.700000000000000178e+00
2.500000000000000000e+00 6.700000000000000178e+00
2.919999999999999929e+00 7.200000000000000178e+00
2.589999999999999858e+00 6.799999999999999822e+00
2.859999999999999876e+00 7.400000000000000355e+00
3.049999999999999822e+00 7.700000000000000178e+00
3.379999999999999893e+00 8.099999999999999645e+00
3.779999999999999805e+00 9.300000000000000711e+00
3.700000000000000178e+00 8.699999999999999289e+00
3.839999999999999858e+00 9.400000000000000355e+00
3.540000000000000036e+00 9.400000000000000355e+00
3.089999999999999858e+00 7.799999999999999822e+00
3.379999999999999893e+00 8.500000000000000000e+00
