1.429999999999999938e+00 5.500000000000000000e+00
1.449999999999999956e+00 5.599999999999999645e+00
1.379999999999999893e+00 5.900000000000000355e+00
1.199999999999999956e+00 6.200000000000000178e+00
1.060000000000000053e+00 6.000000000000000000e+00
8.399999999999999689e-01 5.700000000000000178e+00
1.050000000000000044e+00 5.500000000000000000e+00
1.139999999999999902e+00 5.500000000000000000e+00
9.399999999999999467e-01 5.599999999999999645e+00
8.499999999999999778e-01 6.099999999999999645e+00
6.999999999999999556e-01 5.799999999999999822e+00
7.099999999999999645e-01 6.400000000000000355e+00
7.700000000000000178e-01 6.900000000000000355e+00
7.099999999999999645e-01 6.799999999999999822e+00
6.300000000000000044e-01 6.700000000000000178e+00
6.099999999999999867e-01 6.500000000000000000e+00
6.300000000000000044e-01 7.000000000000000000e+00
5.899999999999999689e-01 6.000000000000000000e+00
5.699999999999999512e-01 5.400000000000000355e+00
6.999999999999999556e-01 5.799999999999999822e+00
7.800000000000000266e-01 6.000000000000000000e+00
8.399999999999999689e-01 6.000000000000000000e+00
8.199999999999999512e-01 6.099999999999999645e+00
8.299999999999999600e-01 5.599999999999999645e+00
1.260000000000000009e+00 5.599999999999999645e+00
1.679999999999999938e+00 5.900000000000000355e+00
1.669999999999999929e+00 5.700000000000000178e+00
1.610000000000000098e+00 5.500000000000000000e+00
1.959999999999999964e+00 5.900000000000000355e+00
2.490000000000000213e+00 7.200000000000000178e+00
2.529999999999999805e+00 7.900000000000000355e+00
2.580000000000000071e+00 8.699999999999999289e+00
2.270000000000000018e+00 9.000000000000000000e+00
1.929999999999999938e+00 9.800000000000000711e+00
1.550000000000000044e+00 8.500000000000000000e+00
1.550000000000000044e+00 8.400000000000000355e+00
1.600000000000000089e+00 8.400000000000000355e+00
1.560000000000000053e+00 8.500000000000000000e+00
1.330000000000000071e+00 7.400000000000000355e+00
1.340000000000000080e+00 8.099999999999999645e+00
1.120000000000000107e+00 7.900000000000000355e+00
1.189999999999999947e+00 8.599999999999999645e+00
1.100000000000000089e+00 8.599999999999999645e+00
9.699999999999999734e-01 7.700000000000000178e+00
9.399999999999999467e-01 7.700000000000000178e+00
8.599999999999999867e-01 7.599999999999999645e+00
9.000000000000000222e-01 5.900000000000000355e+00
1.030000000000000027e+00 4.900000000000000355e+00
1.010000000000000009e+00 4.900000000000000355e+00
1.219999999999999973e+00 5.099999999999999645e+00
1.389999999999999902e+00 5.000000000000000000e+00
1.250000000000000000e+00 5.099999999999999645e+00
1.500000000000000000e+00 5.299999999999999822e+00
1.780000000000000027e+00 5.799999999999999822e+00
1.620000000000000107e+00 5.700000000000000178e+00
1.300000000000000044e+00 5.599999999999999645e+00
1.340000000000000080e+00 6.400000000000000355e+00
1.330000000000000071e+00 6.500000000000000000e+00
1.189999999999999947e+00 6.599999999999999645e+00
1.159999999999999920e+00 6.599999999999999645e+00
1.030000000000000027e+00 7.000000000000000000e+00
9.000000000000000222e-01 6.700000000000000178e+00
8.199999999999999512e-01 7.000000000000000000e+00
8.900000000000000133e-01 7.299999999999999822e+00
7.900000000000000355e-01 6.799999999999999822e+00
8.800000000000000044e-01 6.700000000000000178e+00
8.000000000000000444e-01 6.000000000000000000e+00
9.000000000000000222e-01 6.500000000000000000e+00
8.399999999999999689e-01 6.500000000000000000e+00
