5.200000000000000178e-01 5.799999999999999822e+00
5.799999999999999600e-01 4.900000000000000355e+00
5.400000000000000355e-01 4.099999999999999645e+00
6.400000000000000133e-01 3.899999999999999911e+00
8.499999999999999778e-01 4.099999999999999645e+00
8.399999999999999689e-01 4.200000000000000178e+00
9.200000000000000400e-01 4.700000000000000178e+00
1.169999999999999929e+00 5.299999999999999822e+00
1.340000000000000080e+00 5.400000000000000355e+00
1.120000000000000107e+00 5.000000000000000000e+00
1.360000000000000098e+00 5.500000000000000000e+00
1.070000000000000062e+00 5.200000000000000178e+00
9.599999999999999645e-01 5.299999999999999822e+00
7.900000000000000355e-01 5.500000000000000000e+00
7.600000000000000089e-01 5.500000000000000000e+00
5.400000000000000355e-01 5.299999999999999822e+00
4.299999999999999933e-01 4.900000000000000355e+00
4.099999999999999756e-01 5.200000000000000178e+00
5.100000000000000089e-01 4.799999999999999822e+00
6.800000000000000488e-01 4.200000000000000178e+00
8.699999999999999956e-01 4.299999999999999822e+00
1.040000000000000036e+00 4.799999999999999822e+00
1.199999999999999956e+00 5.000000000000000000e+00
1.570000000000000062e+00 5.400000000000000355e+00
2.140000000000000124e+00 6.200000000000000178e+00
1.939999999999999947e+00 6.200000000000000178e+00
2.160000000000000142e+00 6.299999999999999822e+00
2.080000000000000071e+00 6.700000000000000178e+00
1.729999999999999982e+00 5.900000000000000355e+00
1.629999999999999893e+00 5.799999999999999822e+00
1.340000000000000080e+00 5.099999999999999645e+00
1.300000000000000044e+00 5.000000000000000000e+00
1.350000000000000089e+00 5.099999999999999645e+00
9.699999999999999734e-01 4.700000000000000178e+00
8.900000000000000133e-01 4.599999999999999645e+00
1.020000000000000018e+00 4.900000000000000355e+00
9.399999999999999467e-01 4.599999999999999645e+00
9.399999999999999467e-01 4.599999999999999645e+00
9.100000000000000311e-01 4.799999999999999822e+00
8.900000000000000133e-01 4.799999999999999822e+00
6.800000000000000488e-01 4.400000000000000355e+00
6.700000000000000400e-01 4.299999999999999822e+00
7.900000000000000355e-01 4.400000000000000355e+00
6.700000000000000400e-01 4.299999999999999822e+00
7.900000000000000355e-01 4.299999999999999822e+00
7.500000000000000000e-01 4.599999999999999645e+00
4.899999999999999911e-01 4.900000000000000355e+00
4.699999999999999734e-01 4.500000000000000000e+00
3.499999999999999778e-01 3.600000000000000089e+00
2.600000000000000089e-01 3.399999999999999911e+00
3.200000000000000067e-01 4.200000000000000178e+00
5.300000000000000266e-01 4.799999999999999822e+00
4.099999999999999756e-01 4.500000000000000000e+00
3.800000000000000044e-01 3.799999999999999822e+00
3.599999999999999867e-01 3.799999999999999822e+00
9.200000000000000400e-01 4.000000000000000000e+00
1.439999999999999947e+00 5.000000000000000000e+00
1.820000000000000062e+00 6.000000000000000000e+00
1.489999999999999991e+00 5.599999999999999645e+00
1.949999999999999956e+00 6.500000000000000000e+00
2.830000000000000071e+00 8.000000000000000000e+00
1.610000000000000098e+00 7.599999999999999645e+00
1.110000000000000098e+00 7.200000000000000178e+00
1.030000000000000027e+00 7.099999999999999645e+00
1.090000000000000080e+00 7.099999999999999645e+00
1.570000000000000062e+00 5.799999999999999822e+00
1.899999999999999911e+00 5.900000000000000355e+00
1.379999999999999893e+00 5.400000000000000355e+00
1.129999999999999893e+00 4.900000000000000355e+00
