3.099999999999999978e-01 2.700000000000000178e+00
3.699999999999999956e-01 2.600000000000000089e+00
2.000000000000000111e-01 2.399999999999999911e+00
1.100000000000000006e-01 3.000000000000000000e+00
4.500000000000000111e-01 3.200000000000000178e+00
7.500000000000000000e-01 4.400000000000000355e+00
6.899999999999999467e-01 4.200000000000000178e+00
9.399999999999999467e-01 5.099999999999999645e+00
1.290000000000000036e+00 5.700000000000000178e+00
1.770000000000000018e+00 7.000000000000000000e+00
1.979999999999999982e+00 7.099999999999999645e+00
2.109999999999999876e+00 7.000000000000000000e+00
2.109999999999999876e+00 7.000000000000000000e+00
1.969999999999999973e+00 7.200000000000000178e+00
1.459999999999999964e+00 7.299999999999999822e+00
1.139999999999999902e+00 7.299999999999999822e+00
1.070000000000000062e+00 7.299999999999999822e+00
5.999999999999999778e-01 4.900000000000000355e+00
6.300000000000000044e-01 6.099999999999999645e+00
7.500000000000000000e-01 6.099999999999999645e+00
7.099999999999999645e-01 5.900000000000000355e+00
4.899999999999999911e-01 4.900000000000000355e+00
3.900000000000000133e-01 5.500000000000000000e+00
7.299999999999999822e-01 4.099999999999999645e+00
1.090000000000000080e+00 4.599999999999999645e+00
1.000000000000000000e+00 4.700000000000000178e+00
1.219999999999999973e+00 5.000000000000000000e+00
8.299999999999999600e-01 4.599999999999999645e+00
9.000000000000000222e-01 4.700000000000000178e+00
1.060000000000000053e+00 4.900000000000000355e+00
1.389999999999999902e+00 5.299999999999999822e+00
1.000000000000000000e+00 4.799999999999999822e+00
9.699999999999999734e-01 5.200000000000000178e+00
9.699999999999999734e-01 4.599999999999999645e+00
1.020000000000000018e+00 4.700000000000000178e+00
1.060000000000000053e+00 4.900000000000000355e+00
8.199999999999999512e-01 4.900000000000000355e+00
8.499999999999999778e-01 4.700000000000000178e+00
7.299999999999999822e-01 5.099999999999999645e+00
7.199999999999999734e-01 5.799999999999999822e+00
5.799999999999999600e-01 5.400000000000000355e+00
5.100000000000000089e-01 5.299999999999999822e+00
4.500000000000000111e-01 5.000000000000000000e+00
4.699999999999999734e-01 5.099999999999999645e+00
4.500000000000000111e-01 5.500000000000000000e+00
4.899999999999999911e-01 5.400000000000000355e+00
4.899999999999999911e-01 5.400000000000000355e+00
6.500000000000000222e-01 6.299999999999999822e+00
5.899999999999999689e-01 6.000000000000000000e+00
5.799999999999999600e-01 5.799999999999999822e+00
7.700000000000000178e-01 5.700000000000000178e+00
5.899999999999999689e-01 5.000000000000000000e+00
5.799999999999999600e-01 5.099999999999999645e+00
5.500000000000000444e-01 4.700000000000000178e+00
8.100000000000000533e-01 5.500000000000000000e+00
6.500000000000000222e-01 4.900000000000000355e+00
5.100000000000000089e-01 4.599999999999999645e+00
5.200000000000000178e-01 4.500000000000000000e+00
6.600000000000000311e-01 4.000000000000000000e+00
5.400000000000000355e-01 4.200000000000000178e+00
4.699999999999999734e-01 4.099999999999999645e+00
5.600000000000000533e-01 3.600000000000000089e+00
4.600000000000000200e-01 3.399999999999999911e+00
3.300000000000000155e-01 3.899999999999999911e+00
2.800000000000000266e-01 4.000000000000000000e+00
2.200000000000000011e-01 3.500000000000000000e+00
2.500000000000000000e-01 3.799999999999999822e+00
1.900000000000000022e-01 3.000000000000000000e+00
1.499999999999999944e-01 3.200000000000000178e+00
