1.459999999999999964e+00 5.299999999999999822e+00
1.340000000000000080e+00 5.400000000000000355e+00
1.419999999999999929e+00 5.299999999999999822e+00
1.689999999999999947e+00 5.900000000000000355e+00
1.909999999999999920e+00 5.900000000000000355e+00
1.820000000000000062e+00 6.099999999999999645e+00
1.739999999999999991e+00 6.299999999999999822e+00
1.300000000000000044e+00 5.700000000000000178e+00
1.179999999999999938e+00 5.299999999999999822e+00
1.209999999999999964e+00 5.299999999999999822e+00
1.139999999999999902e+00 5.500000000000000000e+00
1.020000000000000018e+00 5.200000000000000178e+00
8.900000000000000133e-01 5.200000000000000178e+00
8.000000000000000444e-01 5.099999999999999645e+00
7.299999999999999822e-01 5.099999999999999645e+00
5.100000000000000089e-01 5.299999999999999822e+00
4.500000000000000111e-01 4.799999999999999822e+00
2.999999999999999889e-01 4.099999999999999645e+00
2.200000000000000011e-01 3.000000000000000000e+00
2.300000000000000100e-01 2.700000000000000178e+00
2.600000000000000089e-01 3.100000000000000089e+00
4.600000000000000200e-01 5.000000000000000000e+00
6.300000000000000044e-01 3.899999999999999911e+00
5.699999999999999512e-01 4.599999999999999645e+00
4.299999999999999933e-01 4.599999999999999645e+00
8.399999999999999689e-01 6.500000000000000000e+00
1.270000000000000018e+00 6.299999999999999822e+00
1.199999999999999956e+00 6.099999999999999645e+00
1.260000000000000009e+00 5.799999999999999822e+00
1.429999999999999938e+00 6.099999999999999645e+00
1.520000000000000018e+00 6.400000000000000355e+00
1.439999999999999947e+00 6.200000000000000178e+00
1.469999999999999973e+00 6.200000000000000178e+00
1.449999999999999956e+00 6.099999999999999645e+00
1.639999999999999902e+00 6.299999999999999822e+00
2.100000000000000089e+00 6.599999999999999645e+00
1.550000000000000044e+00 5.500000000000000000e+00
1.850000000000000089e+00 5.900000000000000355e+00
1.270000000000000018e+00 5.099999999999999645e+00
1.129999999999999893e+00 5.099999999999999645e+00
6.800000000000000488e-01 4.700000000000000178e+00
5.600000000000000533e-01 4.700000000000000178e+00
4.400000000000000022e-01 4.900000000000000355e+00
3.099999999999999978e-01 4.200000000000000178e+00
2.800000000000000266e-01 4.000000000000000000e+00
2.300000000000000100e-01 3.899999999999999911e+00
2.999999999999999889e-01 2.899999999999999911e+00
2.800000000000000266e-01 3.000000000000000000e+00
2.700000000000000178e-01 3.000000000000000000e+00
3.900000000000000133e-01 3.899999999999999911e+00
4.899999999999999911e-01 4.500000000000000000e+00
7.099999999999999645e-01 4.500000000000000000e+00
5.999999999999999778e-01 4.000000000000000000e+00
7.199999999999999734e-01 4.299999999999999822e+00
7.399999999999999911e-01 4.200000000000000178e+00
5.600000000000000533e-01 3.899999999999999911e+00
5.400000000000000355e-01 3.600000000000000089e+00
4.400000000000000022e-01 4.000000000000000000e+00
3.800000000000000044e-01 3.799999999999999822e+00
4.500000000000000111e-01 4.799999999999999822e+00
5.699999999999999512e-01 4.000000000000000000e+00
7.399999999999999911e-01 4.200000000000000178e+00
7.399999999999999911e-01 4.599999999999999645e+00
5.899999999999999689e-01 4.500000000000000000e+00
4.699999999999999734e-01 4.599999999999999645e+00
4.199999999999999845e-01 4.599999999999999645e+00
3.800000000000000044e-01 4.400000000000000355e+00
3.400000000000000244e-01 4.299999999999999822e+00
2.500000000000000000e-01 4.400000000000000355e+00
