2.899999999999999800e-01 3.600000000000000089e+00
2.899999999999999800e-01 4.200000000000000178e+00
4.199999999999999845e-01 4.500000000000000000e+00
3.699999999999999956e-01 4.500000000000000000e+00
6.400000000000000133e-01 3.799999999999999822e+00
5.999999999999999778e-01 3.899999999999999911e+00
4.299999999999999933e-01 4.500000000000000000e+00
5.799999999999999600e-01 4.799999999999999822e+00
6.400000000000000133e-01 4.099999999999999645e+00
5.100000000000000089e-01 3.700000000000000178e+00
4.699999999999999734e-01 4.099999999999999645e+00
4.799999999999999822e-01 4.299999999999999822e+00
4.500000000000000111e-01 3.899999999999999911e+00
4.600000000000000200e-01 4.500000000000000000e+00
4.199999999999999845e-01 4.500000000000000000e+00
4.199999999999999845e-01 4.400000000000000355e+00
4.199999999999999845e-01 4.000000000000000000e+00
3.300000000000000155e-01 3.299999999999999822e+00
3.200000000000000067e-01 3.399999999999999911e+00
4.899999999999999911e-01 3.500000000000000000e+00
6.800000000000000488e-01 3.799999999999999822e+00
7.299999999999999822e-01 4.000000000000000000e+00
6.999999999999999556e-01 4.200000000000000178e+00
6.899999999999999467e-01 4.200000000000000178e+00
5.600000000000000533e-01 4.700000000000000178e+00
5.200000000000000178e-01 5.000000000000000000e+00
3.699999999999999956e-01 4.299999999999999822e+00
3.099999999999999978e-01 4.200000000000000178e+00
3.099999999999999978e-01 4.200000000000000178e+00
3.099999999999999978e-01 4.200000000000000178e+00
3.099999999999999978e-01 4.200000000000000178e+00
3.099999999999999978e-01 4.200000000000000178e+00
3.099999999999999978e-01 4.200000000000000178e+00
3.099999999999999978e-01 4.200000000000000178e+00
3.099999999999999978e-01 4.200000000000000178e+00
3.099999999999999978e-01 4.200000000000000178e+00
3.099999999999999978e-01 4.200000000000000178e+00
4.899999999999999911e-01 3.399999999999999911e+00
6.899999999999999467e-01 3.899999999999999911e+00
6.600000000000000311e-01 4.099999999999999645e+00
6.199999999999999956e-01 4.099999999999999645e+00
5.100000000000000089e-01 4.200000000000000178e+00
4.099999999999999756e-01 4.500000000000000000e+00
4.500000000000000111e-01 4.400000000000000355e+00
4.299999999999999933e-01 4.200000000000000178e+00
3.499999999999999778e-01 3.799999999999999822e+00
3.099999999999999978e-01 3.700000000000000178e+00
3.300000000000000155e-01 4.500000000000000000e+00
3.200000000000000067e-01 4.400000000000000355e+00
2.600000000000000089e-01 3.000000000000000000e+00
2.200000000000000011e-01 2.500000000000000000e+00
3.400000000000000244e-01 2.700000000000000178e+00
2.999999999999999889e-01 2.600000000000000089e+00
2.500000000000000000e-01 2.600000000000000089e+00
2.200000000000000011e-01 2.399999999999999911e+00
2.500000000000000000e-01 2.899999999999999911e+00
3.499999999999999778e-01 3.500000000000000000e+00
7.600000000000000089e-01 4.099999999999999645e+00
6.899999999999999467e-01 4.400000000000000355e+00
6.199999999999999956e-01 4.599999999999999645e+00
7.700000000000000178e-01 4.799999999999999822e+00
1.100000000000000089e+00 4.900000000000000355e+00
9.300000000000000488e-01 4.599999999999999645e+00
9.399999999999999467e-01 4.799999999999999822e+00
7.099999999999999645e-01 4.799999999999999822e+00
5.999999999999999778e-01 5.000000000000000000e+00
5.100000000000000089e-01 5.099999999999999645e+00
