2.700000000000000178e-01 3.000000000000000000e+00
3.900000000000000133e-01 3.899999999999999911e+00
4.899999999999999911e-01 4.500000000000000000e+00
7.099999999999999645e-01 4.500000000000000000e+00
5.999999999999999778e-01 4.000000000000000000e+00
7.199999999999999734e-01 4.299999999999999822e+00
7.399999999999999911e-01 4.200000000000000178e+00
5.600000000000000533e-01 3.899999999999999911e+00
5.400000000000000355e-01 3.600000000000000089e+00
4.400000000000000022e-01 4.000000000000000000e+00
3.800000000000000044e-01 3.799999999999999822e+00
4.500000000000000111e-01 4.799999999999999822e+00
5.699999999999999512e-01 4.000000000000000000e+00
7.399999999999999911e-01 4.200000000000000178e+00
7.399999999999999911e-01 4.599999999999999645e+00
5.899999999999999689e-01 4.500000000000000000e+00
4.699999999999999734e-01 4.599999999999999645e+00
4.199999999999999845e-01 4.599999999999999645e+00
3.800000000000000044e-01 4.400000000000000355e+00
3.400000000000000244e-01 4.299999999999999822e+00
2.500000000000000000e-01 4.400000000000000355e+00
3.200000000000000067e-01 4.299999999999999822e+00
3.200000000000000067e-01 4.099999999999999645e+00
2.800000000000000266e-01 4.000000000000000000e+00
3.400000000000000244e-01 4.799999999999999822e+00
2.899999999999999800e-01 4.400000000000000355e+00
2.399999999999999911e-01 3.700000000000000178e+00
2.200000000000000011e-01 3.899999999999999911e+00
1.900000000000000022e-01 3.200000000000000178e+00
1.900000000000000022e-01 3.500000000000000000e+00
1.600000000000000033e-01 3.100000000000000089e+00
1.700000000000000122e-01 4.099999999999999645e+00
1.499999999999999944e-01 3.500000000000000000e+00
1.600000000000000033e-01 3.700000000000000178e+00
1.499999999999999944e-01 3.500000000000000000e+00
1.199999999999999956e-01 2.799999999999999822e+00
1.100000000000000006e-01 2.799999999999999822e+00
1.400000000000000133e-01 2.500000000000000000e+00
1.799999999999999933e-01 2.899999999999999911e+00
2.500000000000000000e-01 3.500000000000000000e+00
3.099999999999999978e-01 4.099999999999999645e+00
2.999999999999999889e-01 4.700000000000000178e+00
3.699999999999999956e-01 5.299999999999999822e+00
3.499999999999999778e-01 3.600000000000000089e+00
5.999999999999999778e-01 3.600000000000000089e+00
5.999999999999999778e-01 3.799999999999999822e+00
1.010000000000000009e+00 4.500000000000000000e+00
1.659999999999999920e+00 5.599999999999999645e+00
2.790000000000000036e+00 7.599999999999999645e+00
2.490000000000000213e+00 7.299999999999999822e+00
1.989999999999999991e+00 6.900000000000000355e+00
1.590000000000000080e+00 5.700000000000000178e+00
1.639999999999999902e+00 5.900000000000000355e+00
1.239999999999999991e+00 5.400000000000000355e+00
9.499999999999999556e-01 5.000000000000000000e+00
7.600000000000000089e-01 4.799999999999999822e+00
6.700000000000000400e-01 4.099999999999999645e+00
5.300000000000000266e-01 4.400000000000000355e+00
4.299999999999999933e-01 4.400000000000000355e+00
3.099999999999999978e-01 4.099999999999999645e+00
3.200000000000000067e-01 4.099999999999999645e+00
2.800000000000000266e-01 4.000000000000000000e+00
1.900000000000000022e-01 3.600000000000000089e+00
1.700000000000000122e-01 3.500000000000000000e+00
1.199999999999999956e-01 3.299999999999999822e+00
1.000000000000000056e-01 2.700000000000000178e+00
1.000000000000000056e-01 2.500000000000000000e+00
1.700000000000000122e-01 3.299999999999999822e+00
2.600000000000000089e-01 4.400000000000000355e+00
