5.300000000000000266e-01 5.099999999999999645e+00
5.300000000000000266e-01 5.200000000000000178e+00
5.000000000000000000e-01 5.000000000000000000e+00
5.600000000000000533e-01 5.400000000000000355e+00
6.500000000000000222e-01 4.599999999999999645e+00
6.300000000000000044e-01 4.200000000000000178e+00
6.999999999999999556e-01 4.400000000000000355e+00
7.399999999999999911e-01 4.700000000000000178e+00
8.100000000000000533e-01 4.799999999999999822e+00
7.800000000000000266e-01 4.299999999999999822e+00
1.070000000000000062e+00 5.000000000000000000e+00
1.010000000000000009e+00 5.099999999999999645e+00
9.499999999999999556e-01 5.200000000000000178e+00
9.300000000000000488e-01 4.900000000000000355e+00
8.800000000000000044e-01 5.099999999999999645e+00
8.800000000000000044e-01 5.500000000000000000e+00
9.100000000000000311e-01 5.599999999999999645e+00
6.800000000000000488e-01 5.299999999999999822e+00
5.799999999999999600e-01 5.099999999999999645e+00
4.099999999999999756e-01 4.200000000000000178e+00
3.400000000000000244e-01 4.299999999999999822e+00
2.800000000000000266e-01 4.500000000000000000e+00
3.300000000000000155e-01 5.000000000000000000e+00
6.400000000000000133e-01 4.099999999999999645e+00
6.700000000000000400e-01 3.899999999999999911e+00
5.899999999999999689e-01 3.700000000000000178e+00
6.999999999999999556e-01 3.899999999999999911e+00
9.899999999999999911e-01 4.599999999999999645e+00
9.499999999999999556e-01 4.400000000000000355e+00
1.040000000000000036e+00 4.599999999999999645e+00
1.449999999999999956e+00 5.299999999999999822e+00
1.239999999999999991e+00 4.799999999999999822e+00
1.060000000000000053e+00 5.099999999999999645e+00
9.899999999999999911e-01 5.099999999999999645e+00
1.040000000000000036e+00 5.000000000000000000e+00
1.270000000000000018e+00 5.200000000000000178e+00
1.300000000000000044e+00 5.099999999999999645e+00
1.149999999999999911e+00 5.000000000000000000e+00
1.209999999999999964e+00 5.299999999999999822e+00
1.290000000000000036e+00 5.299999999999999822e+00
1.300000000000000044e+00 5.200000000000000178e+00
1.340000000000000080e+00 5.099999999999999645e+00
1.300000000000000044e+00 5.099999999999999645e+00
1.389999999999999902e+00 5.400000000000000355e+00
1.120000000000000107e+00 5.000000000000000000e+00
1.000000000000000000e+00 5.299999999999999822e+00
8.900000000000000133e-01 5.200000000000000178e+00
7.299999999999999822e-01 5.599999999999999645e+00
5.100000000000000089e-01 5.099999999999999645e+00
4.000000000000000222e-01 4.599999999999999645e+00
4.000000000000000222e-01 4.599999999999999645e+00
4.000000000000000222e-01 4.599999999999999645e+00
4.000000000000000222e-01 4.599999999999999645e+00
4.000000000000000222e-01 4.599999999999999645e+00
2.800000000000000266e-01 3.500000000000000000e+00
3.400000000000000244e-01 3.600000000000000089e+00
6.600000000000000311e-01 4.799999999999999822e+00
4.699999999999999734e-01 4.500000000000000000e+00
4.500000000000000111e-01 4.700000000000000178e+00
3.499999999999999778e-01 4.200000000000000178e+00
2.500000000000000000e-01 3.500000000000000000e+00
5.300000000000000266e-01 3.500000000000000000e+00
1.360000000000000098e+00 5.400000000000000355e+00
1.860000000000000098e+00 6.000000000000000000e+00
2.350000000000000089e+00 6.799999999999999822e+00
2.060000000000000053e+00 6.799999999999999822e+00
1.870000000000000107e+00 6.599999999999999645e+00
1.350000000000000089e+00 5.700000000000000178e+00
1.129999999999999893e+00 5.400000000000000355e+00
