3.499999999999999778e-01 3.500000000000000000e+00
7.600000000000000089e-01 4.099999999999999645e+00
6.899999999999999467e-01 4.400000000000000355e+00
6.199999999999999956e-01 4.599999999999999645e+00
7.700000000000000178e-01 4.799999999999999822e+00
1.100000000000000089e+00 4.900000000000000355e+00
9.300000000000000488e-01 4.599999999999999645e+00
9.399999999999999467e-01 4.799999999999999822e+00
7.099999999999999645e-01 4.799999999999999822e+00
5.999999999999999778e-01 5.000000000000000000e+00
5.100000000000000089e-01 5.099999999999999645e+00
4.799999999999999822e-01 5.099999999999999645e+00
6.099999999999999867e-01 5.500000000000000000e+00
5.899999999999999689e-01 5.400000000000000355e+00
5.200000000000000178e-01 4.799999999999999822e+00
4.699999999999999734e-01 4.900000000000000355e+00
3.699999999999999956e-01 4.900000000000000355e+00
3.099999999999999978e-01 4.700000000000000178e+00
2.500000000000000000e-01 4.299999999999999822e+00
2.000000000000000111e-01 3.500000000000000000e+00
1.499999999999999944e-01 4.299999999999999822e+00
1.199999999999999956e-01 3.799999999999999822e+00
1.100000000000000006e-01 3.299999999999999822e+00
1.499999999999999944e-01 2.799999999999999822e+00
1.199999999999999956e-01 2.399999999999999911e+00
1.199999999999999956e-01 2.399999999999999911e+00
1.499999999999999944e-01 2.200000000000000178e+00
8.000000000000000167e-02 2.600000000000000089e+00
8.000000000000000167e-02 2.299999999999999822e+00
1.100000000000000006e-01 2.200000000000000178e+00
1.100000000000000006e-01 2.299999999999999822e+00
1.000000000000000056e-01 2.899999999999999911e+00
2.000000000000000111e-01 3.399999999999999911e+00
3.400000000000000244e-01 3.600000000000000089e+00
6.400000000000000133e-01 4.400000000000000355e+00
5.000000000000000000e-01 3.899999999999999911e+00
9.799999999999999822e-01 4.500000000000000000e+00
1.010000000000000009e+00 4.500000000000000000e+00
1.010000000000000009e+00 4.900000000000000355e+00
1.080000000000000071e+00 5.500000000000000000e+00
8.499999999999999778e-01 5.400000000000000355e+00
8.699999999999999956e-01 6.000000000000000000e+00
8.499999999999999778e-01 6.400000000000000355e+00
6.199999999999999956e-01 5.700000000000000178e+00
5.000000000000000000e-01 4.299999999999999822e+00
3.400000000000000244e-01 5.200000000000000178e+00
2.899999999999999800e-01 3.200000000000000178e+00
1.499999999999999944e-01 4.200000000000000178e+00
1.459999999999999964e+00 5.299999999999999822e+00
1.340000000000000080e+00 5.400000000000000355e+00
1.419999999999999929e+00 5.299999999999999822e+00
1.689999999999999947e+00 5.900000000000000355e+00
1.909999999999999920e+00 5.900000000000000355e+00
1.820000000000000062e+00 6.099999999999999645e+00
1.739999999999999991e+00 6.299999999999999822e+00
1.300000000000000044e+00 5.700000000000000178e+00
1.179999999999999938e+00 5.299999999999999822e+00
1.209999999999999964e+00 5.299999999999999822e+00
1.139999999999999902e+00 5.500000000000000000e+00
1.020000000000000018e+00 5.200000000000000178e+00
8.900000000000000133e-01 5.200000000000000178e+00
8.000000000000000444e-01 5.099999999999999645e+00
7.299999999999999822e-01 5.099999999999999645e+00
5.100000000000000089e-01 5.299999999999999822e+00
4.500000000000000111e-01 4.799999999999999822e+00
2.999999999999999889e-01 4.099999999999999645e+00
2.200000000000000011e-01 3.000000000000000000e+00
2.300000000000000100e-01 2.700000000000000178e+00
2.600000000000000089e-01 3.100000000000000089e+00
