2.350000000000000089e+00 6.799999999999999822e+00
2.060000000000000053e+00 6.799999999999999822e+00
1.870000000000000107e+00 6.599999999999999645e+00
1.350000000000000089e+00 5.700000000000000178e+00
1.129999999999999893e+00 5.400000000000000355e+00
9.499999999999999556e-01 5.200000000000000178e+00
8.299999999999999600e-01 5.700000000000000178e+00
7.700000000000000178e-01 5.099999999999999645e+00
6.600000000000000311e-01 6.000000000000000000e+00
4.799999999999999822e-01 4.700000000000000178e+00
4.099999999999999756e-01 4.500000000000000000e+00
3.699999999999999956e-01 4.799999999999999822e+00
3.200000000000000067e-01 4.700000000000000178e+00
2.899999999999999800e-01 5.000000000000000000e+00
2.399999999999999911e-01 4.299999999999999822e+00
2.200000000000000011e-01 4.000000000000000000e+00
2.200000000000000011e-01 3.899999999999999911e+00
2.500000000000000000e-01 2.799999999999999822e+00
2.700000000000000178e-01 2.500000000000000000e+00
3.499999999999999778e-01 2.700000000000000178e+00
3.699999999999999956e-01 2.799999999999999822e+00
8.999999999999999667e-02 2.700000000000000178e+00
2.800000000000000266e-01 2.500000000000000000e+00
1.600000000000000033e-01 2.500000000000000000e+00
7.800000000000000266e-01 4.000000000000000000e+00
9.100000000000000311e-01 4.400000000000000355e+00
1.100000000000000089e+00 5.700000000000000178e+00
1.030000000000000027e+00 5.099999999999999645e+00
9.000000000000000222e-01 5.099999999999999645e+00
8.100000000000000533e-01 4.700000000000000178e+00
7.800000000000000266e-01 4.500000000000000000e+00
9.000000000000000222e-01 4.400000000000000355e+00
8.800000000000000044e-01 4.599999999999999645e+00
8.699999999999999956e-01 4.799999999999999822e+00
9.599999999999999645e-01 4.400000000000000355e+00
7.800000000000000266e-01 5.200000000000000178e+00
9.699999999999999734e-01 5.599999999999999645e+00
8.100000000000000533e-01 5.099999999999999645e+00
1.000000000000000000e+00 5.099999999999999645e+00
8.499999999999999778e-01 5.400000000000000355e+00
9.499999999999999556e-01 5.500000000000000000e+00
8.499999999999999778e-01 4.900000000000000355e+00
9.899999999999999911e-01 5.200000000000000178e+00
1.070000000000000062e+00 5.299999999999999822e+00
9.300000000000000488e-01 4.900000000000000355e+00
9.899999999999999911e-01 4.900000000000000355e+00
8.499999999999999778e-01 4.700000000000000178e+00
9.599999999999999645e-01 4.700000000000000178e+00
1.139999999999999902e+00 5.200000000000000178e+00
1.070000000000000062e+00 4.900000000000000355e+00
1.290000000000000036e+00 5.200000000000000178e+00
1.169999999999999929e+00 5.000000000000000000e+00
1.399999999999999911e+00 5.299999999999999822e+00
1.389999999999999902e+00 5.299999999999999822e+00
1.409999999999999920e+00 5.500000000000000000e+00
1.209999999999999964e+00 5.599999999999999645e+00
1.229999999999999982e+00 5.299999999999999822e+00
1.439999999999999947e+00 5.200000000000000178e+00
2.209999999999999964e+00 6.500000000000000000e+00
1.860000000000000098e+00 6.900000000000000355e+00
1.760000000000000009e+00 7.000000000000000000e+00
1.580000000000000071e+00 6.799999999999999822e+00
1.520000000000000018e+00 6.500000000000000000e+00
1.439999999999999947e+00 6.299999999999999822e+00
1.370000000000000107e+00 5.700000000000000178e+00
1.120000000000000107e+00 5.299999999999999822e+00
1.129999999999999893e+00 4.799999999999999822e+00
8.000000000000000444e-01 4.400000000000000355e+00
7.099999999999999645e-01 4.299999999999999822e+00
