1.199999999999999956e-01 2.299999999999999822e+00
1.199999999999999956e-01 2.100000000000000089e+00
1.100000000000000006e-01 2.299999999999999822e+00
1.499999999999999944e-01 2.399999999999999911e+00
1.799999999999999933e-01 3.500000000000000000e+00
2.200000000000000011e-01 4.099999999999999645e+00
2.399999999999999911e-01 3.700000000000000178e+00
2.399999999999999911e-01 3.799999999999999822e+00
2.099999999999999922e-01 3.399999999999999911e+00
1.799999999999999933e-01 3.000000000000000000e+00
2.200000000000000011e-01 3.000000000000000000e+00
2.099999999999999922e-01 3.000000000000000000e+00
1.900000000000000022e-01 3.600000000000000089e+00
2.700000000000000178e-01 4.599999999999999645e+00
8.499999999999999778e-01 4.200000000000000178e+00
7.600000000000000089e-01 4.200000000000000178e+00
5.600000000000000533e-01 3.899999999999999911e+00
4.600000000000000200e-01 4.400000000000000355e+00
4.199999999999999845e-01 4.000000000000000000e+00
3.800000000000000044e-01 4.299999999999999822e+00
2.899999999999999800e-01 3.399999999999999911e+00
2.500000000000000000e-01 3.399999999999999911e+00
4.299999999999999933e-01 3.399999999999999911e+00
7.900000000000000355e-01 4.299999999999999822e+00
1.139999999999999902e+00 5.099999999999999645e+00
1.810000000000000053e+00 6.099999999999999645e+00
1.830000000000000071e+00 5.900000000000000355e+00
1.929999999999999938e+00 6.099999999999999645e+00
2.330000000000000071e+00 6.799999999999999822e+00
2.569999999999999840e+00 7.299999999999999822e+00
2.500000000000000000e+00 7.299999999999999822e+00
2.089999999999999858e+00 6.700000000000000178e+00
1.800000000000000044e+00 6.900000000000000355e+00
1.719999999999999973e+00 6.599999999999999645e+00
1.449999999999999956e+00 6.299999999999999822e+00
1.280000000000000027e+00 5.599999999999999645e+00
1.179999999999999938e+00 5.700000000000000178e+00
1.080000000000000071e+00 5.799999999999999822e+00
9.599999999999999645e-01 6.000000000000000000e+00
6.999999999999999556e-01 5.799999999999999822e+00
5.200000000000000178e-01 5.799999999999999822e+00
5.799999999999999600e-01 4.900000000000000355e+00
5.400000000000000355e-01 4.099999999999999645e+00
6.400000000000000133e-01 3.899999999999999911e+00
8.499999999999999778e-01 4.099999999999999645e+00
8.399999999999999689e-01 4.200000000000000178e+00
9.200000000000000400e-01 4.700000000000000178e+00
1.169999999999999929e+00 5.299999999999999822e+00
1.340000000000000080e+00 5.400000000000000355e+00
1.120000000000000107e+00 5.000000000000000000e+00
1.360000000000000098e+00 5.500000000000000000e+00
1.070000000000000062e+00 5.200000000000000178e+00
9.599999999999999645e-01 5.299999999999999822e+00
7.900000000000000355e-01 5.500000000000000000e+00
7.600000000000000089e-01 5.500000000000000000e+00
5.400000000000000355e-01 5.299999999999999822e+00
4.299999999999999933e-01 4.900000000000000355e+00
4.099999999999999756e-01 5.200000000000000178e+00
5.100000000000000089e-01 4.799999999999999822e+00
6.800000000000000488e-01 4.200000000000000178e+00
8.699999999999999956e-01 4.299999999999999822e+00
1.040000000000000036e+00 4.799999999999999822e+00
1.199999999999999956e+00 5.000000000000000000e+00
1.570000000000000062e+00 5.400000000000000355e+00
2.140000000000000124e+00 6.200000000000000178e+00
1.939999999999999947e+00 6.200000000000000178e+00
2.160000000000000142e+00 6.299999999999999822e+00
2.080000000000000071e+00 6.700000000000000178e+00
1.729999999999999982e+00 5.900000000000000355e+00
