1.159999999999999920e+00 5.700000000000000178e+00
8.599999999999999867e-01 5.299999999999999822e+00
8.499999999999999778e-01 5.000000000000000000e+00
7.299999999999999822e-01 5.099999999999999645e+00
6.300000000000000044e-01 4.799999999999999822e+00
6.300000000000000044e-01 5.099999999999999645e+00
5.899999999999999689e-01 4.500000000000000000e+00
6.800000000000000488e-01 4.400000000000000355e+00
8.299999999999999600e-01 4.599999999999999645e+00
8.499999999999999778e-01 4.700000000000000178e+00
9.699999999999999734e-01 5.099999999999999645e+00
1.139999999999999902e+00 5.500000000000000000e+00
1.639999999999999902e+00 6.299999999999999822e+00
1.669999999999999929e+00 6.400000000000000355e+00
1.679999999999999938e+00 6.200000000000000178e+00
1.260000000000000009e+00 5.599999999999999645e+00
1.050000000000000044e+00 5.200000000000000178e+00
8.900000000000000133e-01 5.299999999999999822e+00
7.900000000000000355e-01 5.299999999999999822e+00
7.399999999999999911e-01 5.400000000000000355e+00
6.899999999999999467e-01 5.400000000000000355e+00
6.899999999999999467e-01 5.799999999999999822e+00
5.500000000000000444e-01 5.599999999999999645e+00
3.900000000000000133e-01 4.099999999999999645e+00
4.699999999999999734e-01 3.500000000000000000e+00
4.899999999999999911e-01 3.600000000000000089e+00
5.000000000000000000e-01 3.500000000000000000e+00
5.500000000000000444e-01 5.000000000000000000e+00
1.469999999999999973e+00 5.299999999999999822e+00
2.129999999999999893e+00 6.599999999999999645e+00
2.479999999999999982e+00 6.700000000000000178e+00
2.250000000000000000e+00 6.500000000000000000e+00
2.359999999999999876e+00 6.599999999999999645e+00
2.810000000000000053e+00 7.400000000000000355e+00
3.009999999999999787e+00 7.400000000000000355e+00
2.819999999999999840e+00 7.900000000000000355e+00
3.310000000000000053e+00 7.900000000000000355e+00
2.609999999999999876e+00 7.299999999999999822e+00
2.589999999999999858e+00 7.500000000000000000e+00
2.220000000000000195e+00 7.500000000000000000e+00
1.850000000000000089e+00 6.900000000000000355e+00
1.419999999999999929e+00 6.500000000000000000e+00
1.199999999999999956e+00 6.200000000000000178e+00
1.540000000000000036e+00 6.400000000000000355e+00
1.469999999999999973e+00 6.299999999999999822e+00
1.149999999999999911e+00 6.200000000000000178e+00
9.599999999999999645e-01 5.400000000000000355e+00
1.260000000000000009e+00 5.000000000000000000e+00
1.219999999999999973e+00 5.500000000000000000e+00
1.199999999999999956e+00 5.500000000000000000e+00
1.020000000000000018e+00 5.099999999999999645e+00
1.129999999999999893e+00 5.299999999999999822e+00
1.239999999999999991e+00 5.500000000000000000e+00
1.469999999999999973e+00 5.500000000000000000e+00
1.719999999999999973e+00 5.500000000000000000e+00
1.510000000000000009e+00 5.400000000000000355e+00
1.270000000000000018e+00 5.400000000000000355e+00
1.179999999999999938e+00 5.000000000000000000e+00
1.310000000000000053e+00 5.000000000000000000e+00
1.199999999999999956e+00 5.099999999999999645e+00
1.280000000000000027e+00 5.099999999999999645e+00
1.419999999999999929e+00 5.299999999999999822e+00
1.290000000000000036e+00 5.099999999999999645e+00
1.510000000000000009e+00 6.000000000000000000e+00
1.270000000000000018e+00 6.099999999999999645e+00
1.159999999999999920e+00 5.799999999999999822e+00
1.189999999999999947e+00 5.799999999999999822e+00
8.299999999999999600e-01 5.400000000000000355e+00
9.499999999999999556e-01 5.799999999999999822e+00
