1.600000000000000033e-01 3.200000000000000178e+00
1.700000000000000122e-01 3.399999999999999911e+00
2.099999999999999922e-01 3.299999999999999822e+00
2.500000000000000000e-01 3.799999999999999822e+00
2.899999999999999800e-01 4.200000000000000178e+00
3.699999999999999956e-01 4.599999999999999645e+00
3.200000000000000067e-01 4.700000000000000178e+00
2.500000000000000000e-01 4.299999999999999822e+00
2.800000000000000266e-01 4.500000000000000000e+00
2.899999999999999800e-01 4.700000000000000178e+00
2.399999999999999911e-01 3.799999999999999822e+00
2.300000000000000100e-01 3.799999999999999822e+00
1.900000000000000022e-01 3.500000000000000000e+00
3.400000000000000244e-01 3.700000000000000178e+00
7.099999999999999645e-01 4.299999999999999822e+00
6.899999999999999467e-01 4.000000000000000000e+00
6.199999999999999956e-01 4.500000000000000000e+00
4.299999999999999933e-01 4.299999999999999822e+00
5.699999999999999512e-01 3.899999999999999911e+00
5.100000000000000089e-01 4.200000000000000178e+00
4.299999999999999933e-01 4.299999999999999822e+00
3.699999999999999956e-01 4.299999999999999822e+00
6.099999999999999867e-01 4.299999999999999822e+00
1.179999999999999938e+00 4.799999999999999822e+00
1.270000000000000018e+00 5.299999999999999822e+00
2.140000000000000124e+00 6.099999999999999645e+00
2.149999999999999911e+00 6.299999999999999822e+00
2.640000000000000124e+00 7.000000000000000000e+00
2.759999999999999787e+00 6.900000000000000355e+00
3.129999999999999893e+00 7.799999999999999822e+00
2.979999999999999982e+00 7.799999999999999822e+00
2.390000000000000124e+00 7.000000000000000000e+00
2.250000000000000000e+00 7.000000000000000000e+00
1.820000000000000062e+00 6.400000000000000355e+00
1.659999999999999920e+00 6.099999999999999645e+00
1.760000000000000009e+00 5.900000000000000355e+00
1.439999999999999947e+00 5.599999999999999645e+00
1.510000000000000009e+00 5.900000000000000355e+00
1.540000000000000036e+00 5.900000000000000355e+00
1.090000000000000080e+00 5.500000000000000000e+00
9.300000000000000488e-01 5.200000000000000178e+00
7.600000000000000089e-01 5.400000000000000355e+00
6.500000000000000222e-01 4.799999999999999822e+00
6.500000000000000222e-01 4.000000000000000000e+00
8.699999999999999956e-01 4.500000000000000000e+00
9.100000000000000311e-01 4.700000000000000178e+00
1.060000000000000053e+00 4.799999999999999822e+00
1.419999999999999929e+00 5.299999999999999822e+00
1.659999999999999920e+00 5.700000000000000178e+00
1.469999999999999973e+00 5.799999999999999822e+00
1.429999999999999938e+00 5.599999999999999645e+00
1.530000000000000027e+00 6.200000000000000178e+00
1.199999999999999956e+00 6.000000000000000000e+00
1.229999999999999982e+00 6.200000000000000178e+00
9.300000000000000488e-01 5.500000000000000000e+00
8.800000000000000044e-01 5.700000000000000178e+00
7.600000000000000089e-01 5.400000000000000355e+00
6.700000000000000400e-01 4.599999999999999645e+00
7.500000000000000000e-01 4.700000000000000178e+00
6.999999999999999556e-01 4.900000000000000355e+00
8.199999999999999512e-01 4.599999999999999645e+00
8.800000000000000044e-01 5.099999999999999645e+00
1.100000000000000089e+00 5.500000000000000000e+00
1.459999999999999964e+00 6.000000000000000000e+00
1.669999999999999929e+00 5.700000000000000178e+00
2.140000000000000124e+00 6.000000000000000000e+00
2.350000000000000089e+00 6.799999999999999822e+00
2.330000000000000071e+00 6.400000000000000355e+00
1.989999999999999991e+00 6.400000000000000355e+00
