2.779999999999999805e+00 7.200000000000000178e+00
2.569999999999999840e+00 7.099999999999999645e+00
1.699999999999999956e+00 6.400000000000000355e+00
1.389999999999999902e+00 5.799999999999999822e+00
1.110000000000000098e+00 5.400000000000000355e+00
9.899999999999999911e-01 5.900000000000000355e+00
6.999999999999999556e-01 5.900000000000000355e+00
6.099999999999999867e-01 5.599999999999999645e+00
5.600000000000000533e-01 5.299999999999999822e+00
5.999999999999999778e-01 5.000000000000000000e+00
5.500000000000000444e-01 5.099999999999999645e+00
4.299999999999999933e-01 5.299999999999999822e+00
3.200000000000000067e-01 4.700000000000000178e+00
3.200000000000000067e-01 4.900000000000000355e+00
2.600000000000000089e-01 4.700000000000000178e+00
2.600000000000000089e-01 4.799999999999999822e+00
2.300000000000000100e-01 4.599999999999999645e+00
2.200000000000000011e-01 4.299999999999999822e+00
2.800000000000000266e-01 3.399999999999999911e+00
2.600000000000000089e-01 3.200000000000000178e+00
3.200000000000000067e-01 2.899999999999999911e+00
2.399999999999999911e-01 3.200000000000000178e+00
2.700000000000000178e-01 2.899999999999999911e+00
2.899999999999999800e-01 3.000000000000000000e+00
1.570000000000000062e+00 5.200000000000000178e+00
2.220000000000000195e+00 6.400000000000000355e+00
2.520000000000000018e+00 7.500000000000000000e+00
2.910000000000000142e+00 7.900000000000000355e+00
1.560000000000000053e+00 6.099999999999999645e+00
1.580000000000000071e+00 6.000000000000000000e+00
1.870000000000000107e+00 6.200000000000000178e+00
1.899999999999999911e+00 6.299999999999999822e+00
1.610000000000000098e+00 6.000000000000000000e+00
1.830000000000000071e+00 6.599999999999999645e+00
1.620000000000000107e+00 6.000000000000000000e+00
1.889999999999999902e+00 6.400000000000000355e+00
1.280000000000000027e+00 5.299999999999999822e+00
1.379999999999999893e+00 5.599999999999999645e+00
1.280000000000000027e+00 5.500000000000000000e+00
1.399999999999999911e+00 5.400000000000000355e+00
1.310000000000000053e+00 5.799999999999999822e+00
1.219999999999999973e+00 5.400000000000000355e+00
1.100000000000000089e+00 5.299999999999999822e+00
1.060000000000000053e+00 5.000000000000000000e+00
9.200000000000000400e-01 5.000000000000000000e+00
1.129999999999999893e+00 5.200000000000000178e+00
1.110000000000000098e+00 5.099999999999999645e+00
1.399999999999999911e+00 5.299999999999999822e+00
1.320000000000000062e+00 5.200000000000000178e+00
1.370000000000000107e+00 5.200000000000000178e+00
1.530000000000000027e+00 5.299999999999999822e+00
1.550000000000000044e+00 5.599999999999999645e+00
1.760000000000000009e+00 5.799999999999999822e+00
1.840000000000000080e+00 6.000000000000000000e+00
1.649999999999999911e+00 5.900000000000000355e+00
1.399999999999999911e+00 5.700000000000000178e+00
1.270000000000000018e+00 5.500000000000000000e+00
2.140000000000000124e+00 6.599999999999999645e+00
2.069999999999999840e+00 6.200000000000000178e+00
1.689999999999999947e+00 6.599999999999999645e+00
1.629999999999999893e+00 6.599999999999999645e+00
1.550000000000000044e+00 7.099999999999999645e+00
1.560000000000000053e+00 6.700000000000000178e+00
1.459999999999999964e+00 6.200000000000000178e+00
1.159999999999999920e+00 5.700000000000000178e+00
8.599999999999999867e-01 5.299999999999999822e+00
8.499999999999999778e-01 5.000000000000000000e+00
7.299999999999999822e-01 5.099999999999999645e+00
6.300000000000000044e-01 4.799999999999999822e+00
