1.270000000000000018e+00 5.400000000000000355e+00
1.179999999999999938e+00 5.000000000000000000e+00
1.310000000000000053e+00 5.000000000000000000e+00
1.199999999999999956e+00 5.099999999999999645e+00
1.280000000000000027e+00 5.099999999999999645e+00
1.419999999999999929e+00 5.299999999999999822e+00
1.290000000000000036e+00 5.099999999999999645e+00
1.510000000000000009e+00 6.000000000000000000e+00
1.270000000000000018e+00 6.099999999999999645e+00
1.159999999999999920e+00 5.799999999999999822e+00
1.189999999999999947e+00 5.799999999999999822e+00
8.299999999999999600e-01 5.400000000000000355e+00
9.499999999999999556e-01 5.799999999999999822e+00
1.030000000000000027e+00 6.200000000000000178e+00
1.030000000000000027e+00 5.900000000000000355e+00
1.120000000000000107e+00 5.900000000000000355e+00
1.169999999999999929e+00 6.200000000000000178e+00
1.330000000000000071e+00 5.599999999999999645e+00
1.100000000000000089e+00 5.799999999999999822e+00
8.699999999999999956e-01 5.700000000000000178e+00
6.800000000000000488e-01 5.400000000000000355e+00
9.399999999999999467e-01 5.400000000000000355e+00
7.500000000000000000e-01 5.299999999999999822e+00
6.700000000000000400e-01 5.500000000000000000e+00
4.799999999999999822e-01 4.900000000000000355e+00
4.500000000000000111e-01 4.900000000000000355e+00
4.799999999999999822e-01 4.299999999999999822e+00
4.600000000000000200e-01 4.400000000000000355e+00
3.300000000000000155e-01 4.400000000000000355e+00
2.500000000000000000e-01 3.799999999999999822e+00
2.300000000000000100e-01 3.700000000000000178e+00
2.099999999999999922e-01 3.799999999999999822e+00
2.099999999999999922e-01 3.799999999999999822e+00
1.900000000000000022e-01 3.700000000000000178e+00
2.200000000000000011e-01 3.899999999999999911e+00
1.900000000000000022e-01 3.799999999999999822e+00
1.799999999999999933e-01 3.500000000000000000e+00
1.600000000000000033e-01 3.500000000000000000e+00
1.400000000000000133e-01 3.000000000000000000e+00
1.400000000000000133e-01 3.100000000000000089e+00
1.600000000000000033e-01 3.200000000000000178e+00
1.700000000000000122e-01 3.399999999999999911e+00
2.099999999999999922e-01 3.299999999999999822e+00
2.500000000000000000e-01 3.799999999999999822e+00
2.899999999999999800e-01 4.200000000000000178e+00
3.699999999999999956e-01 4.599999999999999645e+00
3.200000000000000067e-01 4.700000000000000178e+00
2.500000000000000000e-01 4.299999999999999822e+00
2.800000000000000266e-01 4.500000000000000000e+00
2.899999999999999800e-01 4.700000000000000178e+00
2.399999999999999911e-01 3.799999999999999822e+00
2.300000000000000100e-01 3.799999999999999822e+00
1.900000000000000022e-01 3.500000000000000000e+00
3.400000000000000244e-01 3.700000000000000178e+00
7.099999999999999645e-01 4.299999999999999822e+00
6.899999999999999467e-01 4.000000000000000000e+00
6.199999999999999956e-01 4.500000000000000000e+00
4.299999999999999933e-01 4.299999999999999822e+00
5.699999999999999512e-01 3.899999999999999911e+00
5.100000000000000089e-01 4.200000000000000178e+00
4.299999999999999933e-01 4.299999999999999822e+00
3.699999999999999956e-01 4.299999999999999822e+00
6.099999999999999867e-01 4.299999999999999822e+00
1.179999999999999938e+00 4.799999999999999822e+00
1.270000000000000018e+00 5.299999999999999822e+00
2.140000000000000124e+00 6.099999999999999645e+00
2.149999999999999911e+00 6.299999999999999822e+00
2.640000000000000124e+00 7.000000000000000000e+00
2.759999999999999787e+00 6.900000000000000355e+00
