7.299999999999999822e-01 5.700000000000000178e+00
6.500000000000000222e-01 4.599999999999999645e+00
9.200000000000000400e-01 5.000000000000000000e+00
6.800000000000000488e-01 4.900000000000000355e+00
5.899999999999999689e-01 5.200000000000000178e+00
5.899999999999999689e-01 4.299999999999999822e+00
6.099999999999999867e-01 4.799999999999999822e+00
4.099999999999999756e-01 4.799999999999999822e+00
1.699999999999999956e+00 5.799999999999999822e+00
2.149999999999999911e+00 6.500000000000000000e+00
1.989999999999999991e+00 6.599999999999999645e+00
3.540000000000000036e+00 8.000000000000000000e+00
2.000000000000000000e+00 8.199999999999999289e+00
1.939999999999999947e+00 9.000000000000000000e+00
1.879999999999999893e+00 8.199999999999999289e+00
1.899999999999999911e+00 8.199999999999999289e+00
1.310000000000000053e+00 7.000000000000000000e+00
1.280000000000000027e+00 7.000000000000000000e+00
2.180000000000000160e+00 6.400000000000000355e+00
1.679999999999999938e+00 5.500000000000000000e+00
1.409999999999999920e+00 5.400000000000000355e+00
1.169999999999999929e+00 5.299999999999999822e+00
1.020000000000000018e+00 4.900000000000000355e+00
1.010000000000000009e+00 5.000000000000000000e+00
1.189999999999999947e+00 5.099999999999999645e+00
1.250000000000000000e+00 5.200000000000000178e+00
9.300000000000000488e-01 4.500000000000000000e+00
1.199999999999999956e+00 4.900000000000000355e+00
1.139999999999999902e+00 4.900000000000000355e+00
1.280000000000000027e+00 5.400000000000000355e+00
1.189999999999999947e+00 5.400000000000000355e+00
9.799999999999999822e-01 5.299999999999999822e+00
8.399999999999999689e-01 5.200000000000000178e+00
8.399999999999999689e-01 5.299999999999999822e+00
6.899999999999999467e-01 4.799999999999999822e+00
8.100000000000000533e-01 4.599999999999999645e+00
9.100000000000000311e-01 4.700000000000000178e+00
1.909999999999999920e+00 6.000000000000000000e+00
2.040000000000000036e+00 6.799999999999999822e+00
1.979999999999999982e+00 6.099999999999999645e+00
2.020000000000000018e+00 6.700000000000000178e+00
1.810000000000000053e+00 6.700000000000000178e+00
1.760000000000000009e+00 7.700000000000000178e+00
1.959999999999999964e+00 8.800000000000000711e+00
1.879999999999999893e+00 6.599999999999999645e+00
1.830000000000000071e+00 6.099999999999999645e+00
2.180000000000000160e+00 6.700000000000000178e+00
2.140000000000000124e+00 6.500000000000000000e+00
1.830000000000000071e+00 6.200000000000000178e+00
1.520000000000000018e+00 6.000000000000000000e+00
1.489999999999999991e+00 5.799999999999999822e+00
1.379999999999999893e+00 5.799999999999999822e+00
1.270000000000000018e+00 5.799999999999999822e+00
1.110000000000000098e+00 5.700000000000000178e+00
1.030000000000000027e+00 5.099999999999999645e+00
1.139999999999999902e+00 5.099999999999999645e+00
1.080000000000000071e+00 5.299999999999999822e+00
1.129999999999999893e+00 6.000000000000000000e+00
1.110000000000000098e+00 6.400000000000000355e+00
1.189999999999999947e+00 5.900000000000000355e+00
1.439999999999999947e+00 5.400000000000000355e+00
1.270000000000000018e+00 5.299999999999999822e+00
1.250000000000000000e+00 5.200000000000000178e+00
1.280000000000000027e+00 5.099999999999999645e+00
1.209999999999999964e+00 5.299999999999999822e+00
1.139999999999999902e+00 5.299999999999999822e+00
1.199999999999999956e+00 5.299999999999999822e+00
1.060000000000000053e+00 5.299999999999999822e+00
8.599999999999999867e-01 5.400000000000000355e+00
