3.599999999999999867e-01 4.700000000000000178e+00
2.800000000000000266e-01 4.299999999999999822e+00
2.300000000000000100e-01 4.000000000000000000e+00
1.799999999999999933e-01 3.500000000000000000e+00
1.900000000000000022e-01 3.000000000000000000e+00
1.499999999999999944e-01 3.700000000000000178e+00
1.300000000000000044e-01 2.899999999999999911e+00
1.100000000000000006e-01 2.799999999999999822e+00
1.100000000000000006e-01 2.799999999999999822e+00
1.199999999999999956e-01 2.799999999999999822e+00
1.300000000000000044e-01 3.200000000000000178e+00
1.300000000000000044e-01 3.200000000000000178e+00
2.200000000000000011e-01 3.000000000000000000e+00
1.400000000000000133e-01 2.799999999999999822e+00
1.499999999999999944e-01 3.200000000000000178e+00
2.399999999999999911e-01 3.100000000000000089e+00
3.699999999999999956e-01 4.000000000000000000e+00
1.030000000000000027e+00 4.700000000000000178e+00
1.000000000000000000e+00 5.799999999999999822e+00
8.100000000000000533e-01 4.599999999999999645e+00
1.060000000000000053e+00 5.200000000000000178e+00
1.199999999999999956e+00 5.299999999999999822e+00
1.310000000000000053e+00 6.200000000000000178e+00
1.199999999999999956e+00 5.900000000000000355e+00
1.159999999999999920e+00 6.299999999999999822e+00
8.699999999999999956e-01 6.000000000000000000e+00
6.800000000000000488e-01 5.900000000000000355e+00
5.100000000000000089e-01 5.299999999999999822e+00
4.500000000000000111e-01 5.299999999999999822e+00
4.099999999999999756e-01 4.700000000000000178e+00
3.800000000000000044e-01 4.099999999999999645e+00
5.000000000000000000e-01 3.799999999999999822e+00
1.500000000000000000e+00 5.700000000000000178e+00
1.350000000000000089e+00 5.900000000000000355e+00
1.590000000000000080e+00 5.700000000000000178e+00
1.959999999999999964e+00 6.099999999999999645e+00
2.299999999999999822e+00 6.599999999999999645e+00
2.000000000000000000e+00 6.200000000000000178e+00
2.000000000000000000e+00 6.200000000000000178e+00
1.669999999999999929e+00 6.000000000000000000e+00
1.489999999999999991e+00 5.599999999999999645e+00
1.580000000000000071e+00 6.000000000000000000e+00
1.340000000000000080e+00 5.700000000000000178e+00
1.399999999999999911e+00 5.799999999999999822e+00
1.090000000000000080e+00 5.200000000000000178e+00
1.060000000000000053e+00 5.200000000000000178e+00
9.300000000000000488e-01 5.500000000000000000e+00
7.600000000000000089e-01 5.400000000000000355e+00
5.999999999999999778e-01 5.000000000000000000e+00
3.800000000000000044e-01 4.700000000000000178e+00
3.200000000000000067e-01 4.000000000000000000e+00
3.200000000000000067e-01 4.299999999999999822e+00
3.400000000000000244e-01 4.599999999999999645e+00
8.599999999999999867e-01 5.299999999999999822e+00
7.199999999999999734e-01 4.700000000000000178e+00
5.500000000000000444e-01 5.000000000000000000e+00
5.500000000000000444e-01 5.500000000000000000e+00
1.050000000000000044e+00 5.400000000000000355e+00
1.090000000000000080e+00 5.200000000000000178e+00
9.599999999999999645e-01 5.200000000000000178e+00
8.399999999999999689e-01 5.000000000000000000e+00
1.300000000000000044e+00 5.500000000000000000e+00
1.320000000000000062e+00 5.599999999999999645e+00
1.340000000000000080e+00 5.500000000000000000e+00
1.290000000000000036e+00 5.400000000000000355e+00
1.530000000000000027e+00 5.799999999999999822e+00
1.469999999999999973e+00 5.900000000000000355e+00
1.659999999999999920e+00 5.599999999999999645e+00
1.560000000000000053e+00 5.000000000000000000e+00
