3.099999999999999978e-01 3.100000000000000089e+00
4.299999999999999933e-01 3.299999999999999822e+00
2.999999999999999889e-01 3.399999999999999911e+00
3.099999999999999978e-01 3.200000000000000178e+00
3.099999999999999978e-01 3.299999999999999822e+00
2.600000000000000089e-01 2.700000000000000178e+00
2.500000000000000000e-01 3.299999999999999822e+00
2.300000000000000100e-01 5.099999999999999645e+00
6.099999999999999867e-01 9.599999999999999645e+00
9.799999999999999822e-01 1.090000000000000036e+01
1.510000000000000009e+00 5.900000000000000355e+00
1.780000000000000027e+00 6.400000000000000355e+00
1.590000000000000080e+00 6.599999999999999645e+00
1.320000000000000062e+00 6.099999999999999645e+00
1.120000000000000107e+00 6.000000000000000000e+00
8.299999999999999600e-01 6.200000000000000178e+00
6.700000000000000400e-01 5.500000000000000000e+00
7.500000000000000000e-01 6.000000000000000000e+00
1.090000000000000080e+00 5.700000000000000178e+00
1.649999999999999911e+00 6.000000000000000000e+00
1.489999999999999991e+00 6.099999999999999645e+00
1.800000000000000044e+00 6.900000000000000355e+00
1.540000000000000036e+00 6.500000000000000000e+00
1.550000000000000044e+00 6.599999999999999645e+00
1.669999999999999929e+00 6.200000000000000178e+00
1.860000000000000098e+00 6.700000000000000178e+00
1.300000000000000044e+00 5.799999999999999822e+00
1.239999999999999991e+00 5.599999999999999645e+00
1.560000000000000053e+00 5.700000000000000178e+00
1.209999999999999964e+00 5.599999999999999645e+00
1.060000000000000053e+00 5.099999999999999645e+00
1.199999999999999956e+00 5.200000000000000178e+00
1.459999999999999964e+00 5.500000000000000000e+00
1.679999999999999938e+00 5.599999999999999645e+00
1.580000000000000071e+00 5.799999999999999822e+00
1.419999999999999929e+00 5.500000000000000000e+00
1.149999999999999911e+00 5.200000000000000178e+00
1.239999999999999991e+00 5.000000000000000000e+00
1.199999999999999956e+00 5.500000000000000000e+00
1.310000000000000053e+00 5.500000000000000000e+00
1.399999999999999911e+00 5.299999999999999822e+00
1.300000000000000044e+00 5.299999999999999822e+00
8.699999999999999956e-01 5.299999999999999822e+00
7.900000000000000355e-01 5.700000000000000178e+00
6.600000000000000311e-01 5.500000000000000000e+00
5.699999999999999512e-01 5.599999999999999645e+00
7.099999999999999645e-01 5.000000000000000000e+00
9.200000000000000400e-01 4.799999999999999822e+00
8.800000000000000044e-01 5.000000000000000000e+00
7.199999999999999734e-01 4.400000000000000355e+00
9.100000000000000311e-01 4.599999999999999645e+00
1.050000000000000044e+00 4.700000000000000178e+00
1.040000000000000036e+00 4.700000000000000178e+00
1.100000000000000089e+00 5.000000000000000000e+00
1.610000000000000098e+00 5.400000000000000355e+00
1.669999999999999929e+00 6.000000000000000000e+00
1.770000000000000018e+00 6.299999999999999822e+00
1.469999999999999973e+00 5.799999999999999822e+00
1.290000000000000036e+00 5.500000000000000000e+00
1.320000000000000062e+00 5.099999999999999645e+00
1.159999999999999920e+00 5.500000000000000000e+00
1.199999999999999956e+00 5.200000000000000178e+00
1.590000000000000080e+00 5.500000000000000000e+00
1.500000000000000000e+00 5.500000000000000000e+00
1.649999999999999911e+00 5.700000000000000178e+00
1.489999999999999991e+00 5.799999999999999822e+00
1.469999999999999973e+00 5.500000000000000000e+00
1.199999999999999956e+00 5.400000000000000355e+00
1.120000000000000107e+00 5.299999999999999822e+00
