   0   259  0.50   4.6 
   0   266  0.52   4.5 
   0   262  0.55   4.6 
   0   258  0.59   4.6 
   0   254  0.63   4.7 
   0   229  0.75   5.2 
   0   236  0.69   5.1 
   0   245  0.69   4.9 
   0   237  0.70   5.0 
   0   215  0.81   5.5 
   0   234  0.77   5.1 
   0   229  0.73   5.2 
   0   240  0.71   5.0 
   0   239  0.72   5.0 
   0   216  0.82   5.5 
   0   223  0.76   5.4 
   0   234  0.74   5.1 
   0   230  0.72   5.2 
   0   236  0.72   5.0 
   0   237  0.71   5.0 
   0   227  0.68   5.3 
   0   217  0.69   5.5 
   0   223  0.65   5.4 
   0   222  0.70   5.4 
   0   216  0.71   5.5 
   0   201  0.79   5.9 
   0   215  0.75   5.5 
   0   208  0.80   5.7 
   0   225  0.81   5.3 
   0   215  0.84   5.5 
   0   228  0.82   5.2 
   0   220  0.88   5.4 
   0   209  0.93   5.7 
   0   213  0.91   5.6 
   0   211  0.84   5.6 
   0   223  0.85   5.4 
   0   215  0.86   5.5 
   0   224  0.80   5.4 
   0   220  0.80   5.4 
   0   231  0.77   5.2 
   0   222  0.81   5.4 
   0   229  0.77   5.2 
   0   230  0.78   5.2 
   0   237  0.79   5.0 
   0   230  0.84   5.2 
   0   242  0.83   5.0 
   0   244  0.79   4.9 
   0   253  0.81   4.7 
   0   262  0.79   4.6 
   0   244  0.88   4.9 
   0   249  0.83   4.8 
   0   249  0.86   4.8 
   0   245  0.90   4.9 
   0   247  0.83   4.8 
   0   253  0.82   4.7 
   0   265  0.75   4.5 
   0   254  0.76   4.7 
   0   239  0.79   5.0 
   0   247  0.79   4.8 
   0   260  0.72   4.6 
   0   258  0.65   4.6 
   0   259  0.59   4.6 
   0   249  0.56   4.8 
   0   245  0.57   4.9 
   0   242  0.54   4.9 
   0   245  0.52   4.9 
   0   256  0.47   4.7 
   0   253  0.51   4.7 
   0   246  0.52   4.9 
   0   233  0.50   5.1 
   0   249  0.46   4.8 
   0   242  0.44   4.9 
   0   247  0.44   4.8 
   0   246  0.44   4.9 
   0   232  0.47   5.2 
   0   260  0.41   4.6 
   0   257  0.43   4.6 
   0   246  0.43   4.9 
   0   240  0.46   5.0 
   0   248  0.43   4.8 
   0   267  0.38   4.5 
   0   253  0.38   4.7 
   0   256  0.38   4.7 
   0   262  0.39   4.6 
   0   283  0.34   4.2 
   0   265  0.34   4.5 
   0   259  0.35   4.6 
   0   253  0.35   4.7 
   0   256  0.34   4.7 
   0   245  0.34   4.9 
   0   257  0.31   4.6 
   0   264  0.31   4.5 
   0   306  0.29   3.9 
   0   283  0.31   4.2 
   0   305  0.31   3.9 
   0   303  0.29   3.9 
   0   327  0.27   3.6 
   0   325  0.27   3.7 
   0   328  0.26   3.7 
   0   374  0.22   3.2 
   0   337  0.24   3.5 
   0   339  0.22   3.5 
   0   347  0.22   3.4 
   0   357  0.23   3.3 
   0   352  0.22   3.4 
   0   367  0.21   3.3 
   0   358  0.19   3.3 
   0   343  0.20   3.5 
   0   310  0.20   3.8 
   0   340  0.19   3.5 
   0   338  0.18   3.5 
   0   370  0.15   3.2 
   0   298  0.17   4.0 
   0   318  0.14   3.8 
   0   340  0.13   3.5 
   0   322  0.13   3.7 
   0   342  0.12   3.5 
   0   302  0.12   4.0 
   0   310  0.13   3.8 
   0   292  0.13   4.1 
   0   287  0.13   4.2 
   0   307  0.13   3.9 
   0   323  0.12   3.7 
   0   287  0.13   4.2 
   0   290  0.14   4.1 
   0   298  0.13   4.0 
   0   323  0.12   3.7 
   0   316  0.13   3.8 
   0   309  0.13   3.9 
   0   296  0.14   4.0 
   0   328  0.13   3.7 
   0   317  0.13   3.8 
   0   322  0.13   3.7 
   0   356  0.12   3.4 
   0   374  0.13   3.2 
   0   349  0.13   3.4 
   0   357  0.14   3.4 
   0   367  0.14   3.2 
   0   393  0.13   3.1 
   0   351  0.14   3.4 
   0   375  0.13   3.2 
   0   354  0.14   3.4 
   0   392  0.12   3.0 
   0   404  0.12   3.0 
   0   396  0.13   3.0 
   0   396  0.14   3.0 
   0   398  0.15   3.0 
   0   390  0.12   3.1 
   0   360  0.12   3.3 
   0   353  0.12   3.4 
   0   330  0.12   3.6 
   0   362  0.12   3.3 
   0   331  0.13   3.6 
   0   360  0.12   3.3 
   0   358  0.12   3.3 
   0   338  0.12   3.5 
   0   357  0.11   3.3 
   0   377  0.11   3.2 
   0   382  0.11   3.1 
   0   380  0.10   3.1 
   0   376  0.10   3.2 
   0   411  0.09   2.9 
   0   356  0.11   3.4 
   0   378  0.11   3.2 
   0   377  0.10   3.2 
   0   380  0.10   3.1 
   0   355  0.10   3.4 
   0   356  0.10   3.4 
   0   374  0.10   3.2 
   0   410  0.10   2.9 
   0   396  0.11   3.0 
   0   341  0.11   3.5 
   0   374  0.10   3.2 
   0   338  0.11   3.5 
   0   341  0.11   3.5 
   0   381  0.11   3.1 
   0   369  0.11   3.2 
   0   374  0.12   3.2 
9999  9999 99.99 999.9 
   0   360  0.13   3.3 
   0   363  0.11   3.3 
   0   362  0.11   3.3 
   0   329  0.10   3.6 
   0   316  0.11   3.8 
   0   366  0.10   3.3 
   0   336  0.11   3.6 
   0   378  0.10   3.2 
   0   349  0.10   3.4 
   0   363  0.11   3.3 
   0   371  0.11   3.2 
   0   388  0.11   3.1 
   0   390  0.12   3.1 
   0   432  0.13   2.8 
   0   436  0.14   2.7 
   0   436  0.15   2.7 
   0   452  0.15   2.6 
   0   465  0.15   2.6 
   0   463  0.15   2.6 
   0   461  0.16   2.6 
   0   445  0.19   2.7 
   0   447  0.20   2.7 
   0   446  0.21   2.7 
   0   423  0.20   2.8 
   0   416  0.20   2.9 
   0   422  0.19   2.8 
   0   405  0.18   3.0 
   0   398  0.16   3.0 
   0   380  0.16   3.1 
   0   374  0.16   3.2 
   0   359  0.17   3.3 
   0   357  0.17   3.3 
   0   363  0.17   3.3 
   0   367  0.20   3.3 
   0   369  0.18   3.2 
   0   370  0.17   3.2 
   0   362  0.18   3.3 
   0   374  0.17   3.2 
   0   389  0.16   3.1 
   0   375  0.17   3.2 
   0   387  0.16   3.1 
   0   380  0.18   3.1 
   0   370  0.17   3.2 
   0   374  0.15   3.2 
   0   338  0.16   3.5 
   0   331  0.16   3.6 
   0   329  0.16   3.6 
   0   330  0.17   3.6 
   0   339  0.16   3.5 
   0   313  0.16   3.8 
   0   319  0.18   3.7 
   0   318  0.18   3.8 
   0   302  0.19   4.0 
   0   314  0.17   3.8 
   0   316  0.17   3.8 
   0   312  0.19   3.8 
   0   319  0.19   3.8 
   0   308  0.20   3.9 
   0   303  0.20   3.9 
   0   305  0.20   3.9 
   0   302  0.21   4.0 
   0   319  0.20   3.7 
   0   311  0.20   3.8 
   0   296  0.20   4.0 
   0   310  0.20   3.9 
   0   307  0.21   3.9 
   0   326  0.19   3.7 
   0   323  0.20   3.7 
   0   318  0.22   3.8 
   0   312  0.22   3.8 
   0   331  0.21   3.6 
   0   348  0.21   3.4 
   0   345  0.20   3.5 
   0   322  0.20   3.7 
   0   331  0.19   3.6 
   0   337  0.21   3.5 
   0   392  0.22   3.1 
   0   394  0.25   3.0 
   0   381  0.27   3.1 
   0   388  0.25   3.1 
   0   364  0.24   3.3 
   0   383  0.24   3.1 
   0   381  0.26   3.1 
   0   399  0.26   3.0 
   0   390  0.28   3.1 
   0   398  0.29   3.0 
   0   413  0.28   2.9 
   0   379  0.28   3.1 
   0   402  0.28   3.0 
   0   377  0.29   3.2 
   0   370  0.31   3.2 
   0   354  0.31   3.4 
   0   357  0.29   3.3 
   0   367  0.29   3.3 
   0   356  0.31   3.3 
   0   346  0.33   3.5 
   0   349  0.31   3.4 
   0   347  0.32   3.4 
   0   362  0.29   3.3 
   0   379  0.29   3.2 
   0   376  0.33   3.2 
   0   376  0.33   3.2 
   0   398  0.34   3.0 
   0   392  0.32   3.1 
   0   386  0.31   3.1 
   0   376  0.30   3.2 
   0   377  0.29   3.2 
   0   379  0.28   3.2 
   0   368  0.29   3.3 
   0   363  0.29   3.3 
   0   364  0.29   3.3 
   0   375  0.28   3.2 
   0   364  0.29   3.3 
   0   356  0.31   3.3 
   0   324  0.33   3.7 
   0   338  0.32   3.5 
   0   314  0.34   3.8 
   0   335  0.32   3.6 
   0   307  0.34   3.9 
   0   313  0.30   3.8 
   0   303  0.31   3.9 
   0   302  0.32   4.0 
   0   303  0.31   3.9 
   0   304  0.31   3.9 
   0   324  0.29   3.7 
   0   306  0.31   3.9 
   0   314  0.28   3.8 
   0   324  0.30   3.7 
   0   317  0.30   3.8 
   0   315  0.32   3.8 
   0   320  0.32   3.7 
   0   329  0.30   3.6 
   0   313  0.30   3.8 
   0   320  0.32   3.7 
   0   356  0.32   3.4 
   0   345  0.36   3.5 
   0   338  0.37   3.5 
   0   334  0.40   3.6 
   0   343  0.41   3.5 
   0   358  0.40   3.3 
   0   357  0.40   3.3 
   0   352  0.40   3.4 
   0   341  0.41   3.5 
   0   343  0.39   3.5 
   0   343  0.38   3.5 
   0   360  0.37   3.3 
   0   343  0.40   3.5 
   0   350  0.39   3.4 
   0   364  0.39   3.3 
   0   349  0.42   3.4 
   0   348  0.42   3.4 
   0   355  0.40   3.4 
   0   358  0.42   3.3 
   0   366  0.40   3.3 
   0   353  0.42   3.4 
   0   347  0.45   3.4 
   0   358  0.45   3.3 
   0   346  0.46   3.4 
   0   336  0.50   3.6 
   0   337  0.51   3.6 
   0   319  0.56   3.7 
   0   320  0.55   3.7 
   0   337  0.51   3.6 
   0   332  0.52   3.6 
   0   312  0.57   3.8 
   0   314  0.55   3.8 
   0   322  0.53   3.7 
   0   317  0.55   3.8 
   0   333  0.51   3.6 
   0   366  0.46   3.3 
   0   338  0.47   3.5 
   0   339  0.47   3.5 
   0   348  0.43   3.4 
9999  9999 99.99 999.9 
   0   335  0.42   3.6 
   0   340  0.39   3.5 
   0   344  0.39   3.5 
   0   329  0.39   3.6 
   0   324  0.36   3.7 
   0   319  0.33   3.7 
   0   332  0.28   3.6 
   0   319  0.30   3.8 
   0   328  0.27   3.7 
   0   333  0.28   3.6 
   0   322  0.27   3.7 
   0   321  0.27   3.7 
   0   325  0.27   3.7 
   0   323  0.27   3.7 
   0   341  0.26   3.5 
   0   325  0.26   3.7 
   0   346  0.25   3.5 
   0   356  0.24   3.4 
   0   360  0.23   3.3 
   0   375  0.23   3.2 
   0   373  0.22   3.2 
   0   365  0.22   3.3 
   0   367  0.22   3.3 
   0   371  0.21   3.2 
   0   376  0.20   3.2 
   0   386  0.19   3.1 
   0   377  0.20   3.2 
   0   375  0.21   3.2 
   0   392  0.19   3.1 
   0   431  0.18   2.8 
   0   425  0.17   2.8 
   0   412  0.17   2.9 
   0   434  0.17   2.8 
   0   421  0.17   2.8 
   0   441  0.15   2.7 
   0   381  0.15   3.1 
   0   384  0.14   3.1 
   0   364  0.14   3.3 
   0   385  0.14   3.1 
   0   390  0.13   3.1 
   0   406  0.15   2.9 
   0   444  0.13   2.7 
   0   422  0.14   2.8 
   0   436  0.13   2.7 
   0   431  0.13   2.8 
   0   388  0.12   3.1 
   0   404  0.13   3.0 
   0   426  0.12   2.8 
   0   460  0.12   2.6 
   0   425  0.12   2.8 
   0   441  0.11   2.7 
   0   453  0.11   2.6 
   0   437  0.12   2.7 
   0   462  0.12   2.6 
   0   487  0.12   2.5 
   0   500  0.13   2.4 
   0   531  0.12   2.3 
   0   526  0.12   2.3 
   0   474  0.11   2.5 
   0   438  0.11   2.7 
   0   471  0.11   2.5 
   0   469  0.10   2.6 
   0   436  0.10   2.7 
   0   446  0.10   2.7 
   0   438  0.10   2.7 
   0   413  0.10   2.9 
   0   438  0.10   2.7 
   0   426  0.10   2.8 
   0   462  0.09   2.6 
   0   404  0.09   3.0 
   0   404  0.09   3.0 
   0   459  0.10   2.6 
   0   511  0.10   2.3 
   0   496  0.10   2.4 
   0   454  0.09   2.6 
   0   467  0.10   2.6 
   0   414  0.09   2.9 
   0   428  0.09   2.8 
   0   437  0.09   2.7 
   0   499  0.10   2.4 
   0   524  0.10   2.3 
   0   517  0.11   2.3 
   0   499  0.12   2.4 
   0   490  0.10   2.4 
   0   531  0.10   2.3 
   0   483  0.10   2.5 
   0   474  0.09   2.5 
   0   511  0.10   2.3 
   0   493  0.10   2.4 
   0   497  0.11   2.4 
   0   524  0.10   2.3 
   0   520  0.11   2.3 
   0   477  0.14   2.5 
   0   473  0.16   2.5 
   0   448  0.16   2.7 
   0   407  0.17   2.9 
   0   411  0.18   2.9 
   0   399  0.19   3.0 
   0   382  0.22   3.1 
   0   369  0.24   3.2 
   0   315  0.26   3.8 
   0   292  0.28   4.1 
   0   305  0.29   3.9 
   0   272  0.34   4.4 
   0   256  0.37   4.7 
   0   240  0.38   5.0 
   0   247  0.41   4.8 
   0   253  0.45   4.7 
   0   258  0.46   4.6 
   0   297  0.49   4.0 
   0   300  0.51   4.0 
   0   309  0.50   3.9 
   0   303  0.52   3.9 
   0   300  0.55   4.0 
   0   308  0.55   3.9 
   0   311  0.54   3.8 
   0   316  0.56   3.8 
   0   329  0.54   3.6 
   0   320  0.58   3.7 
   0   303  0.64   3.9 
   0   305  0.64   3.9 
   0   305  0.61   3.9 
   0   311  0.58   3.8 
   0   295  0.62   4.0 
   0   279  0.61   4.3 
   0   267  0.59   4.5 
   0   253  0.64   4.7 
   0   234  0.68   5.1 
   0   222  0.73   5.4 
   0   217  0.79   5.5 
   0   214  0.76   5.6 
   0   209  0.81   5.7 
   0   210  0.74   5.7 
   0   200  0.85   6.0 
   0   223  0.69   5.3 
   0   224  0.68   5.3 
   0   212  0.70   5.6 
   0   195  0.76   6.1 
   0   206  0.69   5.8 
   0   200  0.69   6.0 
   0   197  0.75   6.1 
   0   206  0.68   5.8 
   0   206  0.70   5.8 
   0   202  0.63   5.9 
   0   207  0.66   5.8 
   0   209  0.64   5.7 
   0   198  0.70   6.0 
   0   208  0.60   5.7 
   0   203  0.70   5.9 
   0   205  0.62   5.8 
   0   203  0.67   5.9 
   0   216  0.62   5.5 
   0   200  0.71   6.0 
   0   213  0.63   5.6 
   0   201  0.67   5.9 
   0   203  0.70   5.9 
   0   205  0.66   5.8 
   0   223  0.62   5.4 
   0   223  0.58   5.3 
   0   222  0.58   5.4 
   0   227  0.62   5.2 
   0   238  0.54   5.0 
   0   228  0.58   5.2 
   0   248  0.51   4.8 
   0   240  0.52   5.0 
   0   251  0.49   4.8 
   0   240  0.42   5.0 
   0   270  0.38   4.4 
   0   261  0.37   4.6 
   0   259  0.40   4.6 
   0   293  0.34   4.1 
   0   271  0.35   4.4 
   0   262  0.36   4.5 
   0   257  0.33   4.7 
   0   265  0.30   4.5 
   0   285  0.27   4.2 
   0   264  0.28   4.5 
   0   274  0.25   4.4 
   0   269  0.26   4.4 
   0   297  0.23   4.0 
   0   289  0.26   4.1 
   0   318  0.26   3.8 
   0   340  0.25   3.5 
   0   368  0.26   3.2 
   0   383  0.26   3.1 
   0   389  0.27   3.1 
   0   388  0.28   3.1 
   0   405  0.29   3.0 
   0   395  0.27   3.0 
   0   444  0.27   2.7 
   0   425  0.26   2.8 
   0   441  0.27   2.7 
   0   440  0.26   2.7 
   0   436  0.24   2.7 
   0   451  0.23   2.6 
   0   462  0.25   2.6 
   0   443  0.25   2.7 
   0   477  0.24   2.5 
   0   432  0.18   2.8 
   0   445  0.18   2.7 
   0   430  0.18   2.8 
   0   439  0.17   2.7 
   0   455  0.18   2.6 
   0   474  0.24   2.5 
   0   450  0.19   2.7 
   0   459  0.16   2.6 
   0   441  0.16   2.7 
   0   444  0.16   2.7 
   0   478  0.18   2.5 
   0   496  0.25   2.4 
   0   459  0.33   2.6 
   0   483  0.31   2.5 
   0   433  0.38   2.8 
   0   502  0.22   2.4 
   0   484  0.13   2.5 
   0   491  0.12   2.4 
   0   499  0.11   2.4 
   0   453  0.12   2.6 
   0   447  0.12   2.7 
   0   518  0.12   2.3 
   0   539  0.17   2.2 
   0   491  0.23   2.4 
   0   454  0.31   2.6 
   0   466  0.30   2.6 
   0   453  0.30   2.6 
   0   456  0.33   2.6 
   0   453  0.33   2.6 
   0   450  0.31   2.7 
   0   428  0.40   2.8 
   0   410  0.46   2.9 
   0   431  0.44   2.8 
   0   415  0.49   2.9 
   0   441  0.39   2.7 
   0   445  0.35   2.7 
   0   395  0.52   3.0 
   0   394  0.52   3.0 
   0   396  0.54   3.0 
   0   387  0.61   3.1 
   0   363  0.69   3.3 
   0   369  0.67   3.1 
   0   313  0.73   3.3 
   0   390  0.65   3.1 
   0   405  0.55   3.0 
   0   404  0.52   3.0 
   0   414  0.50   2.9 
   0   432  0.46   2.8 
   0   428  0.42   2.8 
   0   456  0.31   2.6 
   0   468  0.25   2.6 
   0   491  0.21   2.4 
   0   517  0.17   2.3 
   0   505  0.15   2.4 
9999  9999 99.99 999.9 
   0   535  0.17   2.2 
   0   505  0.19   2.4 
9999  9999 99.99 999.9 
   0   534  0.14   2.2 
   0   507  0.14   2.4 
   0   534  0.20   2.2 
   0   518  0.19   2.3 
   0   511  0.23   2.3 
   0   492  0.25   2.4 
   0   480  0.26   2.5 
   0   499  0.24   2.4 
   0   508  0.19   2.4 
   0   532  0.17   2.3 
   0   539  0.17   2.2 
   0   531  0.19   2.3 
   0   517  0.21   2.3 
   0   513  0.20   2.3 
   0   513  0.18   2.3 
   0   529  0.17   2.3 
   0   541  0.15   2.2 
   0   543  0.15   2.2 
   0   521  0.18   2.3 
   0   523  0.19   2.3 
   0   503  0.23   2.4 
   0   497  0.23   2.4 
   0   497  0.21   2.4 
   0   498  0.17   2.4 
   0   506  0.14   2.4 
   0   525  0.15   2.3 
   0   471  0.12   2.5 
   0   451  0.10   2.6 
   0   386  0.09   3.1 
   0   353  0.09   3.4 
   0   330  0.10   3.6 
   0   378  0.10   3.2 
   0   345  0.11   3.5 
   0   325  0.11   3.7 
   0   329  0.11   3.6 
   0   317  0.11   3.8 
   0   272  0.12   4.4 
   0   277  0.13   4.3 
   0   228  0.14   5.2 
   0   235  0.15   5.0 
   0   191  0.18   6.3 
   0   181  0.18   6.6 
   0   252  0.20   4.7 
   0   302  0.35   4.0 
   0   344  0.45   3.5 
   0   308  0.59   3.9 
   0   305  0.65   3.9 
   0   289  0.77   4.1 
   0   301  0.79   4.0 
   0   304  0.80   3.9 
   0   277  1.00   4.3 
   0   273  1.09   4.4 
   0   256  1.19   4.7 
   0   244  1.34   4.9 
   0   240  1.31   5.0 
   0   243  1.34   4.9 
   0   234  1.41   5.1 
   0   232  1.38   5.1 
   0   244  1.37   4.9 
   0   237  1.31   5.0 
   0   241  1.27   4.9 
   0   230  1.43   5.2 
   0   221  1.40   5.4 
   0   239  1.26   5.0 
   0   234  1.27   5.1 
   0   227  1.29   5.2 
   0   220  1.32   5.4 
   0   236  1.14   5.1 
   0   222  1.22   5.4 
   0   247  1.07   4.8 
   0   223  1.04   5.4 
   0   222  1.14   5.4 
   0   224  1.08   5.3 
   0   236  1.02   5.0 
   0   226  1.06   5.3 
   0   227  1.04   5.2 
   0   248  0.90   4.8 
   0   234  0.97   5.1 
   0   222  1.04   5.4 
   0   232  0.89   5.1 
   0   225  0.93   5.3 
   0   239  0.88   5.0 
   0   224  0.87   5.3 
   0   232  0.87   5.1 
   0   236  0.78   5.1 
   0   230  0.76   5.2 
   0   229  0.81   5.2 
   0   237  0.77   5.0 
   0   214  0.84   5.6 
   0   224  0.76   5.3 
   0   220  0.74   5.4 
   0   219  0.74   5.5 
   0   225  0.72   5.3 
   0   220  0.71   5.4 
   0   211  0.68   5.7 
   0   218  0.71   5.5 
   0   235  0.63   5.1 
   0   221  0.60   5.4 
   0   207  0.58   5.8 
   0   211  0.57   5.7 
   0   216  0.52   5.5 
   0   242  0.44   4.9 
   0   214  0.48   5.6 
   0   254  0.40   4.7 
   0   259  0.43   4.6 
   0   265  0.36   4.5 
   0   296  0.31   4.0 
   0   294  0.37   4.1 
   0   289  0.33   4.1 
   0   297  0.29   4.0 
   0   308  0.28   3.9 
   0   317  0.29   3.8 
   0   315  0.29   3.8 
   0   312  0.29   3.8 
   0   315  0.25   3.8 
   0   255  0.27   4.7 
   0   231  0.26   5.2 
   0   225  0.26   5.3 
   0   232  0.25   5.1 
   0   255  0.22   4.7 
   0   274  0.24   4.4 
   0   245  0.24   4.9 
   0   241  0.24   5.0 
   0   226  0.25   5.3 
9999  9999 99.99 999.9 
   0   284  0.30   4.2 
   0   297  0.35   4.0 
   0   303  0.35   3.9 
   0   321  0.31   3.7 
   0   270  0.37   4.4 
   0   287  0.33   4.1 
   0   291  0.33   4.1 
   0   290  0.32   4.1 
   0   306  0.33   3.9 
   0   297  0.34   4.0 
   0   295  0.34   4.1 
   0   303  0.46   3.9 
   0   289  0.48   4.1 
   0   284  0.53   4.2 
   0   297  0.55   4.0 
   0   302  0.61   4.0 
   0   292  0.67   4.1 
   0   293  0.67   4.1 
   0   308  0.60   3.9 
   0   288  0.64   4.2 
   0   278  0.60   4.3 
   0   280  0.62   4.3 
   0   282  0.61   4.2 
   0   302  0.60   4.0 
   0   300  0.59   4.0 
   0   288  0.65   4.2 
   0   292  0.64   4.1 
   0   283  0.64   4.2 
   0   286  0.61   4.2 
   0   243  0.63   4.9 
   0   267  0.62   4.5 
   0   265  0.69   4.5 
   0   261  0.71   4.6 
   0   278  0.65   4.3 
   0   274  0.63   4.4 
   0   258  0.63   4.6 
   0   255  0.62   4.7 
   0   264  0.60   4.5 
   0   251  0.62   4.7 
   0   261  0.60   4.6 
   0   248  0.61   4.8 
   0   251  0.60   4.8 
   0   256  0.59   4.7 
   0   256  0.56   4.7 
   0   270  0.49   4.4 
   0   261  0.52   4.6 
   0   243  0.53   4.9 
   0   263  0.48   4.5 
   0   249  0.48   4.8 
   0   248  0.49   4.8 
   0   247  0.52   4.8 
   0   256  0.47   4.7 
   0   261  0.48   4.6 
   0   246  0.49   4.9 
   0   255  0.44   4.7 
   0   237  0.50   5.0 
   0   229  0.51   5.2 
   0   236  0.51   5.1 
   0   232  0.53   5.1 
   0   219  0.59   5.4 
   0   248  0.56   4.8 
   0   254  0.56   4.7 
   0   244  0.58   4.9 
   0   247  0.55   4.8 
   0   237  0.58   5.0 
   0   235  0.58   5.1 
   0   233  0.56   5.1 
   0   231  0.53   5.2 
   0   212  0.62   5.6 
   0   231  0.54   5.2 
   0   221  0.57   5.4 
   0   227  0.60   5.3 
   0   222  0.57   5.4 
   0   230  0.56   5.2 
   0   235  0.52   5.1 
   0   236  0.53   5.1 
   0   241  0.50   5.0 
   0   237  0.52   5.0 
   0   218  0.53   5.5 
   0   225  0.52   5.3 
   0   233  0.54   5.1 
   0   228  0.51   5.2 
   0   218  0.58   5.5 
   0   224  0.55   5.3 
   0   222  0.55   5.4 
   0   221  0.56   5.4 
   0   236  0.50   5.1 
   0   220  0.55   5.4 
   0   236  0.54   5.0 
   0   229  0.60   5.2 
   0   263  0.57   4.5 
   0   261  0.56   4.6 
   0   273  0.59   4.4 
   0   250  0.69   4.8 
   0   260  0.65   4.6 
   0   271  0.61   4.4 
   0   270  0.67   4.4 
   0   259  0.74   4.6 
   0   265  0.68   4.5 
   0   283  0.69   4.2 
   0   289  0.70   4.1 
   0   275  0.66   4.4 
   0   280  0.66   4.3 
   0   283  0.63   4.2 
   0   274  0.64   4.4 
   0   268  0.60   4.4 
   0   265  0.60   4.5 
   0   280  0.60   4.3 
   0   273  0.64   4.4 
   0   269  0.69   4.4 
   0   290  0.66   4.1 
   0   278  0.71   4.3 
   0   272  0.70   4.4 
   0   268  0.64   4.5 
   0   267  0.66   4.5 
   0   290  0.63   4.1 
   0   260  0.73   4.6 
   0   292  0.72   4.1 
   0   283  0.73   4.2 
   0   276  0.73   4.3 
   0   264  0.73   4.5 
   0   254  0.74   4.7 
   0   248  0.75   4.8 
   0   257  0.73   4.6 
   0   276  0.65   4.3 
   0   267  0.65   4.5 
   0   252  0.72   4.7 
   0   253  0.71   4.7 
   0   242  0.82   4.9 
   0   251  0.76   4.8 
   0   250  0.81   4.8 
   0   260  0.86   4.6 
   0   248  0.89   4.8 
   0   246  0.93   4.8 
   0   262  0.87   4.6 
   0   259  0.85   4.6 
   0   263  0.84   4.6 
   0   262  0.84   4.5 
   0   265  0.83   4.5 
   0   277  0.78   4.3 
   0   255  0.82   4.6 
   0   257  0.85   4.6 
   0   246  0.83   4.9 
   0   243  0.88   4.9 
   0   245  0.93   4.9 
   0   227  1.07   5.3 
   0   241  1.10   4.9 
   0   246  0.99   4.8 
   0   237  1.07   5.0 
   0   242  1.04   5.0 
   0   246  0.94   4.9 
   0   233  1.03   5.1 
   0   240  0.95   5.0 
   0   241  1.00   5.0 
   0   242  1.03   4.9 
   0   241  0.94   5.0 
   0   249  0.95   4.8 
   0   232  1.01   5.1 
   0   227  1.04   5.3 
   0   234  1.01   5.1 
   0   235  0.99   5.1 
   0   221  1.10   5.4 
   0   248  0.93   4.8 
   0   236  1.01   5.1 
   0   227  0.99   5.2 
   0   237  0.96   5.0 
   0   229  0.95   5.2 
   0   224  0.96   5.3 
   0   229  0.92   5.2 
   0   239  0.88   5.0 
   0   245  0.84   4.9 
   0   232  0.90   5.2 
   0   235  0.98   5.1 
   0   245  0.97   4.9 
   0   224  1.04   5.3 
   0   246  0.93   4.9 
   0   234  0.96   5.1 
   0   239  0.99   5.0 
   0   246  0.91   4.8 
   0   229  0.97   5.2 
   0   238  0.96   5.0 
   0   229  0.93   5.2 
   0   229  0.94   5.2 
   0   235  0.87   5.1 
   0   232  0.88   5.1 
   0   228  0.88   5.2 
   0   232  0.90   5.1 
   0   241  0.88   4.9 
   0   230  0.89   5.2 
   0   233  0.91   5.1 
   0   235  0.82   5.1 
   0   219  0.90   5.4 
   0   226  0.83   5.3 
   0   216  0.88   5.5 
   0   204  0.99   5.8 
   0   227  0.87   5.2 
   0   223  0.87   5.4 
   0   203  0.97   5.8 
   0   212  0.89   5.6 
   0   202  0.95   5.9 
   0   215  0.88   5.5 
   0   217  0.86   5.5 
   0   214  0.91   5.6 
   0   205  0.91   5.8 
   0   210  0.85   5.6 
   0   220  0.81   5.4 
   0   225  0.77   5.3 
   0   226  0.74   5.3 
   0   217  0.81   5.5 
   0   224  0.73   5.3 
   0   235  0.73   5.1 
   0   226  0.68   5.3 
   0   234  0.66   5.1 
   0   232  0.63   5.1 
   0   229  0.66   5.2 
   0   240  0.64   5.0 
   0   227  0.70   5.3 
   0   220  0.64   5.4 
   0   242  0.56   4.9 
   0   236  0.55   5.1 
   0   233  0.58   5.1 
   0   227  0.60   5.3 
   0   235  0.56   5.1 
   0   227  0.59   5.3 
   0   258  0.45   4.6 
   0   257  0.46   4.7 
   0   257  0.45   4.6 
   0   264  0.45   4.5 
   0   264  0.43   4.5 
   0   282  0.41   4.2 
   0   261  0.42   4.6 
   0   253  0.40   4.7 
   0   273  0.40   4.4 
   0   316  0.33   3.8 
   0   300  0.37   4.0 
   0   316  0.32   3.8 
   0   296  0.31   4.0 
   0   289  0.31   4.1 
   0   280  0.34   4.3 
   0   271  0.35   4.4 
   0   225  0.36   5.3 
   0   266  0.31   4.5 
   0   270  0.32   4.4 
   0   239  0.32   5.0 
   0   267  0.31   4.5 
   0   254  0.33   4.7 
   0   260  0.32   4.6 
   0   268  0.28   4.5 
   0   273  0.29   4.4 
   0   287  0.28   4.2 
   0   275  0.29   4.3 
   0   264  0.28   4.5 
   0   225  0.29   5.3 
   0   240  0.30   5.0 
   0   231  0.31   5.1 
   0   243  0.32   4.9 
   0   241  0.33   5.0 
   0   220  0.38   5.4 
   0   222  0.41   5.4 
   0   285  0.40   4.2 
   0   312  0.39   3.8 
   0   310  0.44   3.8 
   0   313  0.48   3.8 
   0   307  0.51   3.9 
   0   300  0.52   4.0 
   0   295  0.64   4.1 
9999  9999 99.99 999.9 
   0   283  0.82   4.2 
   0   290  0.81   4.1 
   0   285  0.84   4.2 
   0   276  0.90   4.3 
   0   281  0.82   4.3 
   0   291  0.76   4.1 
   0   281  0.75   4.3 
   0   309  0.67   3.9 
   0   307  0.66   3.9 
   0   321  0.63   3.7 
   0   310  0.61   3.9 
   0   323  0.60   3.7 
   0   329  0.57   3.6 
   0   325  0.58   3.7 
   0   324  0.56   3.7 
   0   322  0.55   3.7 
   0   328  0.59   3.7 
   0   305  0.69   3.9 
   0   306  0.69   3.9 
   0   296  0.83   4.0 
   0   276  0.93   4.3 
   0   271  0.97   4.4 
   0   280  0.90   4.3 
   0   278  0.88   4.3 
   0   270  0.89   4.4 
   0   305  0.70   3.9 
   0   300  0.68   4.0 
   0   278  0.75   4.1 
   0   310  0.76   3.9 
   0   292  0.81   4.1 
   0   277  0.86   4.3 
   0   293  0.82   4.1 
   0   287  0.83   4.2 
   0   268  0.92   4.5 
   0   258  0.99   4.6 
   0   260  1.04   4.6 
   0   257  1.00   4.6 
   0   270  0.99   4.4 
   0   267  0.98   4.5 
   0   268  1.01   4.5 
   0   269  0.98   4.4 
   0   265  0.96   4.5 
   0   252  1.03   4.7 
   0   272  0.95   4.4 
   0   261  0.97   4.6 
   0   267  0.93   4.5 
   0   243  1.08   4.7 
   0   261  1.11   4.6 
   0   237  1.14   5.0 
   0   252  1.12   4.7 
   0   197  1.11   4.7 
   0   243  1.15   4.9 
   0   258  1.04   4.6 
   0   252  1.11   4.7 
   0   260  1.09   4.6 
   0   259  1.12   4.6 
   0   242  1.29   4.9 
   0   231  1.38   5.2 
   0   231  1.41   5.2 
   0   237  1.38   5.0 
   0   228  1.39   5.3 
   0   223  1.45   5.3 
   0   233  1.36   5.1 
   0   227  1.41   5.3 
   0   233  1.35   5.1 
   0   234  1.22   5.1 
   0   236  1.23   5.1 
   0   227  1.26   5.3 
   0   228  1.29   5.2 
   0   239  1.25   5.0 
   0   246  1.24   4.8 
   0   221  1.35   5.4 
   0   222  1.26   5.4 
   0   229  1.24   5.2 
   0   227  1.20   5.3 
   0   222  1.21   5.4 
   0   224  1.21   5.3 
   0   222  1.20   5.4 
   0   235  1.14   5.1 
   0   233  1.06   5.1 
   0   228  1.09   5.2 
   0   218  1.11   5.5 
   0   226  1.10   5.3 
   0   219  1.05   5.5 
   0   216  1.10   5.5 
   0   225  1.02   5.3 
   0   227  1.02   5.2 
   0   224  1.02   5.3 
   0   232  0.99   5.1 
   0   229  0.95   5.2 
   0   236  0.99   5.1 
   0   232  1.03   5.1 
   0   236  0.99   5.0 
   0   254  0.90   4.7 
   0   249  0.92   4.8 
   0   248  0.94   4.8 
   0   253  0.92   4.7 
   0   239  1.04   5.0 
   0   255  0.94   4.7 
   0   255  0.95   4.7 
   0   231  1.08   5.2 
   0   247  1.00   4.8 
   0   236  1.04   5.1 
   0   241  0.99   4.9 
   0   246  1.03   4.9 
   0   247  1.05   4.8 
   0   229  1.27   5.2 
   0   228  1.27   5.2 
   0   233  1.31   5.1 
   0   234  1.29   5.1 
   0   222  1.35   5.4 
   0   223  1.38   5.4 
   0   239  1.17   5.0 
   0   227  1.26   5.2 
   0   224  1.33   5.3 
   0   234  1.30   5.1 
   0   230  1.34   5.2 
   0   241  1.25   5.0 
   0   245  1.18   4.9 
   0   244  1.17   4.9 
   0   246  1.19   4.9 
   0   239  1.14   5.0 
   0   236  1.15   5.1 
   0   244  1.12   4.9 
   0   241  1.15   5.0 
   0   248  1.08   4.8 
   0   241  1.15   5.0 
   0   234  1.17   5.1 
   0   235  1.14   5.1 
   0   227  1.16   5.2 
   0   237  1.14   5.0 
   0   231  1.15   5.2 
   0   225  1.19   5.3 
   0   226  1.21   5.3 
   0   241  1.10   5.0 
   0   228  1.15   5.2 
   0   235  1.05   5.0 
   0   237  1.12   5.0 
   0   235  1.10   5.1 
   0   230  1.21   5.2 
   0   218  1.31   5.5 
   0   223  1.26   5.3 
   0   225  1.29   5.3 
   0   227  1.28   5.3 
   0   226  1.32   5.3 
   0   226  1.21   5.3 
   0   225  1.24   5.3 
   0   224  1.29   5.3 
   0   218  1.35   5.4 
   0   225  1.38   5.3 
   0   216  1.36   5.5 
   0   228  1.30   5.2 
   0   217  1.42   5.5 
   0   222  1.35   5.4 
   0   227  1.27   5.2 
   0   225  1.36   5.3 
   0   221  1.40   5.4 
   0   221  1.40   5.4 
   0   227  1.32   5.2 
   0   218  1.47   5.5 
   0   236  1.34   5.1 
   0   226  1.41   5.3 
   0   223  1.47   5.4 
   0   226  1.37   5.3 
   0   221  1.45   5.4 
   0   222  1.44   5.4 
   0   218  1.41   5.4 
   0   216  1.45   5.5 
   0   236  1.22   5.1 
   0   232  1.30   5.1 
   0   225  1.36   5.3 
   0   232  1.30   5.2 
   0   240  1.21   5.0 
   0   239  1.31   5.0 
   0   222  1.40   5.4 
   0   229  1.35   5.2 
   0   231  1.43   5.2 
   0   222  1.39   5.4 
   0   223  1.39   5.4 
   0   220  1.48   5.4 
   0   225  1.34   5.3 
   0   224  1.42   5.3 
   0   236  1.28   5.1 
   0   238  1.19   5.0 
   0   232  1.27   5.1 
   0   236  1.20   5.1 
   0   216  1.29   5.5 
   0   238  1.12   5.0 
   0   240  1.09   5.0 
   0   243  1.11   4.9 
   0   226  1.20   5.3 
   0   242  1.01   4.9 
   0   235  1.07   5.1 
   0   238  1.02   5.0 
   0   214  1.11   5.6 
   0   230  1.12   5.2 
   0   226  1.00   5.3 
   0   235  0.97   5.1 
   0   229  1.00   5.2 
   0   237  0.94   5.0 
   0   226  0.96   5.2 
   0   229  0.97   5.2 
   0   229  0.93   5.2 
   0   244  0.84   4.9 
   0   232  0.88   5.1 
   0   230  0.89   5.2 
   0   231  0.82   5.2 
   0   232  0.82   5.1 
   0   228  0.86   5.2 
   0   221  0.81   5.4 
   0   232  0.76   5.1 
   0   238  0.73   5.0 
   0   218  0.77   5.5 
   0   219  0.73   5.5 
   0   213  0.73   5.6 
   0   221  0.64   5.4 
   0   222  0.63   5.4 
   0   228  0.63   5.2 
   0   221  0.62   5.4 
   0   219  0.66   5.5 
   0   231  0.59   5.2 
   0   228  0.57   5.2 
   0   230  0.56   5.2 
   0   232  0.51   5.1 
   0   226  0.54   5.3 
   0   254  0.46   4.7 
   0   255  0.44   4.7 
   0   236  0.48   5.1 
   0   236  0.44   5.1 
   0   247  0.44   4.8 
   0   263  0.42   4.5 
   0   273  0.41   4.4 
   0   262  0.40   4.6 
   0   252  0.39   4.7 
   0   261  0.38   4.6 
   0    67  0.40   4.4 
9999  9999 99.99 999.9 
9999  9999 99.99 999.9 
9999  9999 99.99 999.9 
9999  9999 99.99 999.9 
9999  9999 99.99 999.9 
9999  9999 99.99 999.9 
9999  9999 99.99 999.9 
9999  9999 99.99 999.9 
9999  9999 99.99 999.9 
9999  9999 99.99 999.9 
9999  9999 99.99 999.9 
9999  9999 99.99 999.9 
9999  9999 99.99 999.9 
9999  9999 99.99 999.9 
9999  9999 99.99 999.9 
9999  9999 99.99 999.9 
9999  9999 99.99 999.9 
9999  9999 99.99 999.9 
9999  9999 99.99 999.9 
9999  9999 99.99 999.9 
9999  9999 99.99 999.9 
9999  9999 99.99 999.9 
9999  9999 99.99 999.9 
9999  9999 99.99 999.9 
9999  9999 99.99 999.9 
9999  9999 99.99 999.9 
9999  9999 99.99 999.9 
9999  9999 99.99 999.9 
9999  9999 99.99 999.9 
9999  9999 99.99 999.9 
9999  9999 99.99 999.9 
9999  9999 99.99 999.9 
9999  9999 99.99 999.9 
9999  9999 99.99 999.9 
9999  9999 99.99 999.9 
9999  9999 99.99 999.9 
   0   101  0.26   3.3 
   0   391  0.26   3.1 
   0   386  0.24   3.1 
   0   367  0.29   3.3 
   0   364  0.27   3.3 
   0   339  0.28   3.5 
   0   429  0.32   2.8 
   0   423  0.27   2.8 
   0   377  0.28   3.2 
   0   384  0.27   3.1 
   0   336  0.26   3.6 
   0   276  0.28   4.3 
   0   243  0.28   4.9 
   0   304  0.29   3.9 
   0   331  0.34   3.6 
   0   342  0.36   3.5 
   0   318  0.40   3.7 
   0   330  0.48   3.6 
   0   313  0.53   3.8 
   0   293  0.52   4.1 
   0   260  0.61   4.6 
   0   250  0.70   4.8 
   0   249  0.68   4.8 
   0   248  0.66   4.8 
   0   244  0.62   4.9 
   0   251  0.59   4.7 
   0   244  0.59   4.9 
   0   262  0.54   4.6 
   0   253  0.56   4.7 
   0   255  0.51   4.7 
   0   269  0.48   4.4 
   0   268  0.49   4.4 
   0   267  0.47   4.5 
   0   269  0.48   4.4 
   0   263  0.45   4.5 
   0   264  0.44   4.5 
   0   278  0.42   4.3 
   0   271  0.43   4.4 
   0   257  0.44   4.6 
   0   254  0.43   4.7 
   0   260  0.43   4.6 
   0   252  0.45   4.7 
   0   263  0.40   4.5 
   0   278  0.37   4.3 
   0   256  0.44   4.7 
   0   272  0.41   4.4 
   0   259  0.45   4.6 
   0   273  0.40   4.3 
   0   291  0.36   4.1 
   0   306  0.35   3.9 
   0   286  0.35   4.2 
   0   292  0.33   4.1 
   0   317  0.30   3.8 
   0   296  0.31   4.0 
   0   312  0.29   3.8 
   0   347  0.26   3.4 
   0   306  0.26   3.9 
   0   303  0.25   3.9 
   0   362  0.26   3.3 
   0   340  0.25   3.5 
   0   322  0.23   3.7 
   0   370  0.27   3.2 
   0   357  0.30   3.3 
   0   363  0.29   3.3 
   0   376  0.31   3.2 
   0   394  0.41   3.0 
   0   354  0.55   3.4 
   0   349  0.60   3.4 
   0   338  0.53   3.5 
   0   342  0.56   3.5 
   0   331  0.64   3.6 
   0   291  0.78   4.1 
   0   240  1.08   5.0 
   0   258  0.95   4.6 
   0   248  1.11   4.8 
   0   262  1.09   4.6 
   0   247  1.11   4.8 
   0   223  1.36   5.4 
   0   217  1.41   5.5 
   0   221  1.53   5.4 
   0   213  1.59   5.6 
   0   215  1.57   5.6 
   0   218  1.60   5.5 
   0   216  1.67   5.5 
   0   202  1.77   5.9 
   0   208  1.74   5.7 
   0   198  1.86   6.0 
   0   198  1.93   6.0 
   0   200  1.97   6.0 
   0   193  2.09   6.2 
   0   188  2.19   6.3 
   0   189  2.05   6.3 
   0   187  2.15   6.4 
   0   192  1.96   6.2 
   0   183  2.04   6.5 
   0   175  2.35   6.8 
   0   181  2.22   6.6 
   0   172  2.30   6.9 
   0   179  2.09   6.4 
   0   167  2.22   7.1 
   0   183  2.13   6.5 
   0   179  2.02   6.6 
   0   178  2.15   6.7 
   0   180  2.13   6.6 
   0   176  2.06   6.8 
   0   187  1.98   6.4 
   0   186  1.90   6.4 
   0   176  2.12   6.8 
   0   200  1.75   6.0 
   0   173  1.98   6.9 
   0   179  1.95   6.7 
   0   177  2.03   6.7 
   0   189  1.84   6.3 
   0   183  1.87   6.6 
   0   197  1.64   6.1 
   0   186  1.74   6.4 
   0   210  1.51   5.7 
   0   199  1.57   6.0 
   0   198  1.52   6.0 
   0   205  1.52   5.8 
   0   216  1.34   5.5 
   0   209  1.38   5.7 
   0   211  1.35   5.7 
   0   200  1.35   6.0 
   0   209  1.33   5.7 
   0   211  1.31   5.7 
   0   222  1.18   5.4 
   0   228  1.09   5.2 
   0   222  1.10   5.4 
   0   226  1.05   5.3 
   0   225  1.08   5.3 
   0   222  1.13   5.4 
   0   215  1.18   5.5 
   0   223  1.05   5.4 
   0   222  1.05   5.4 
   0   236  0.98   5.1 
   0   225  1.05   5.3 
   0   228  1.01   5.2 
   0   226  0.99   5.3 
   0   224  1.01   5.3 
   0   228  0.95   5.2 
   0   223  0.93   5.4 
   0   232  0.93   5.2 
   0   222  0.84   5.4 
   0   212  0.92   5.6 
   0   226  0.85   5.3 
   0   223  0.84   5.4 
   0   247  0.73   4.8 
   0   210  0.88   5.7 
   0   210  0.83   5.7 
   0   207  0.87   5.8 
   0   218  0.81   5.5 
   0   215  0.79   5.5 
   0   217  0.79   5.5 
   0   217  0.80   5.5 
   0   209  0.82   5.7 
   0   235  0.78   5.1 
   0   241  0.75   5.0 
   0   235  0.77   5.1 
   0   221  0.79   5.4 
   0   225  0.76   5.3 
   0   215  0.78   5.6 
   0   222  0.74   5.4 
   0   195  0.74   6.1 
   0   204  0.72   5.9 
   0   183  0.75   6.5 
   0   209  0.63   5.7 
   0   198  0.66   6.0 
   0   216  0.60   5.5 
   0   231  0.55   5.2 
   0   218  0.56   5.5 
   0   217  0.54   5.5 
   0   217  0.54   5.5 
   0   215  0.53   5.5 
   0   217  0.53   5.5 
   0   242  0.52   4.9 
   0   252  0.48   4.7 
   0   264  0.48   4.5 
   0   254  0.48   4.7 
   0   265  0.46   4.5 
   0   247  0.47   4.8 
   0   249  0.44   4.8 
   0   259  0.44   4.6 
   0   249  0.41   4.8 
   0   253  0.41   4.7 
   0   267  0.41   4.5 
   0   256  0.41   4.7 
   0   274  0.37   4.4 
   0   249  0.38   4.8 
   0   255  0.40   4.7 
   0   269  0.37   4.4 
   0   251  0.38   4.8 
   0   259  0.38   4.6 
   0   252  0.38   4.7 
   0   248  0.37   4.8 
   0   257  0.33   4.6 
   0   253  0.33   4.7 
   0   255  0.34   4.7 
   0   261  0.33   4.6 
   0   249  0.34   4.8 
   0   251  0.33   4.8 
   0   250  0.33   4.8 
   0   253  0.32   4.7 
   0   253  0.32   4.7 
   0   256  0.29   4.7 
   0   247  0.30   4.8 
   0   268  0.29   4.5 
   0   245  0.30   4.9 
   0   252  0.30   4.7 
   0   257  0.30   4.6 
   0   258  0.28   4.6 
   0   227  0.31   5.3 
   0   238  0.29   5.0 
   0   268  0.27   4.5 
   0   253  0.28   4.7 
   0   255  0.28   4.7 
   0   263  0.25   4.5 
   0   260  0.25   4.6 
   0   262  0.25   4.6 
   0   259  0.25   4.6 
   0   262  0.24   4.6 
   0   280  0.24   4.3 
   0   285  0.24   4.2 
   0   287  0.23   4.2 
   0   288  0.24   4.1 
   0   292  0.25   4.1 
   0   324  0.21   3.7 
   0   292  0.23   4.1 
   0   308  0.21   3.9 
   0   292  0.22   4.1 
   0   302  0.22   4.0 
   0   294  0.22   4.0 
   0   306  0.22   3.9 
   0   323  0.21   3.7 
   0   318  0.21   3.8 
   0   308  0.20   3.9 
   0   265  0.23   4.5 
   0   321  0.18   3.7 
   0   323  0.20   3.7 
   0   306  0.22   3.9 
   0   371  0.20   3.2 
   0   362  0.21   3.3 
   0   370  0.24   3.2 
   0   380  0.24   3.1 
   0   370  0.25   3.2 
   0   421  0.25   2.8 
   0   428  0.26   2.8 
   0   440  0.26   2.7 
   0   432  0.25   2.8 
   0   418  0.26   2.9 
   0   440  0.26   2.7 
   0   456  0.25   2.6 
   0   432  0.25   2.8 
   0   440  0.27   2.7 
   0   439  0.25   2.7 
   0   456  0.25   2.6 
   0   448  0.27   2.7 
   0   474  0.27   2.5 
   0   463  0.27   2.6 
   0   473  0.26   2.5 
   0   479  0.25   2.5 
   0   474  0.26   2.5 
   0   458  0.27   2.6 
   0   495  0.21   2.4 
   0   459  0.33   2.6 
   0   425  0.42   2.8 
   0   447  0.35   2.7 
   0   456  0.33   2.6 
   0   456  0.27   2.6 
   0   494  0.26   2.4 
   0   449  0.38   2.7 
   0   437  0.39   2.7 
   0   437  0.37   2.7 
   0   446  0.34   2.7 
   0   449  0.32   2.7 
   0   432  0.37   2.8 
   0   463  0.28   2.6 
   0   500  0.19   2.4 
   0   517  0.15   2.3 
   0   523  0.13   2.3 
   0   502  0.12   2.4 
   0   488  0.10   2.5 
   0   445  0.09   2.7 
   0   420  0.08   2.8 
   0   444  0.09   2.7 
   0   476  0.10   2.5 
   0   524  0.11   2.3 
   0   518  0.12   2.3 
   0   515  0.13   2.3 
   0   516  0.16   2.3 
   0   504  0.22   2.4 
   0   498  0.24   2.4 
   0   502  0.25   2.4 
   0   476  0.28   2.5 
   0   477  0.29   2.5 
   0   493  0.24   2.4 
   0   481  0.25   2.5 
   0   480  0.29   2.5 
   0   486  0.27   2.5 
   0   480  0.25   2.5 
   0   497  0.22   2.4 
   0   492  0.22   2.4 
   0   476  0.16   2.5 
   0   447  0.14   2.7 
   0   453  0.16   2.6 
   0   447  0.24   2.7 
   0   382  0.42   3.1 
   0   352  0.57   3.4 
   0   342  0.66   3.5 
   0   306  0.76   3.9 
   0   320  0.71   3.7 
   0   296  0.78   4.0 
   0   279  0.84   4.3 
   0   273  0.91   4.4 
   0   284  0.82   4.2 
   0   280  0.80   4.3 
   0   280  0.78   4.3 
   0   285  0.78   4.2 
   0   276  0.73   4.3 
   0   283  0.72   4.2 
   0   269  0.91   4.4 
   0   295  0.80   4.1 
   0   278  0.83   4.3 
   0   269  0.82   4.4 
   0   248  0.87   4.8 
   0   255  0.83   4.7 
   0   242  0.85   4.9 
   0   215  0.92   5.5 
   0   226  0.96   5.3 
   0   211  1.10   5.7 
   0   211  1.03   5.6 
   0   213  1.08   5.6 
   0   219  1.18   5.5 
   0   228  1.11   5.2 
   0   226  1.21   5.3 
   0   225  1.19   5.3 
   0   210  1.15   5.7 
   0   220  1.05   5.5 
   0   234  1.03   5.1 
   0   216  1.14   5.5 
   0   235  1.06   5.1 
   0   231  1.00   5.2 
   0   227  1.12   5.3 
   0   226  1.05   5.3 
   0   241  0.91   5.0 
   0   215  1.00   5.6 
   0   221  0.92   5.4 
   0   233  0.90   5.1 
   0   241  0.93   4.9 
   0   234  0.91   5.1 
   0   221  0.92   5.4 
   0   258  0.79   4.6 
   0   254  0.82   4.7 
   0   254  0.77   4.7 
   0   250  0.83   4.8 
   0   261  0.82   4.6 
   0   255  0.81   4.7 
   0   259  0.77   4.6 
   0   254  0.76   4.7 
   0   246  0.73   4.9 
   0   253  0.76   4.7 
   0   271  0.78   4.4 
   0   258  0.71   4.6 
   0   267  0.74   4.5 
   0   267  0.81   4.5 
   0   264  0.78   4.5 
   0   276  0.92   4.3 
   0   284  0.90   4.2 
   0   271  0.87   4.4 
   0   256  0.91   4.7 
   0   276  0.86   4.3 
   0   258  0.89   4.6 
   0   249  0.93   4.8 
   0   260  0.92   4.6 
   0   274  0.90   4.4 
   0   266  0.96   4.5 
   0   263  0.94   4.5 
   0   254  0.91   4.7 
   0   265  0.89   4.5 
   0   262  0.84   4.6 
   0   246  0.94   4.9 
   0   265  0.87   4.5 
   0   247  0.97   4.8 
   0   261  0.88   4.6 
   0   254  0.90   4.7 
   0   256  0.86   4.7 
   0   265  0.84   4.5 
   0   257  0.84   4.7 
   0   255  0.82   4.7 
   0   257  0.89   4.6 
   0   271  0.84   4.4 
   0   260  0.91   4.6 
   0   251  0.87   4.8 
   0   248  0.84   4.8 
   0   263  0.78   4.5 
   0   244  0.82   4.9 
   0   260  0.79   4.6 
   0   244  0.84   4.9 
   0   273  0.78   4.4 
   0   263  0.88   4.6 
   0   271  0.90   4.4 
   0   270  0.96   4.4 
   0   256  0.98   4.7 
   0   253  0.98   4.7 
   0   245  0.94   4.9 
   0   250  0.91   4.8 
   0   247  0.85   4.8 
   0   241  0.85   5.0 
   0   247  0.84   4.8 
   0   234  0.81   5.1 
   0   227  0.78   5.2 
   0   231  0.79   5.2 
   0   224  0.87   5.3 
   0   209  0.96   5.7 
   0   223  0.86   5.4 
   0   203  0.99   5.9 
   0   227  0.93   5.3 
   0   232  0.90   5.1 
   0   230  0.89   5.2 
   0   213  0.97   5.6 
   0   224  0.99   5.3 
   0   220  1.00   5.4 
   0   209  1.00   5.7 
   0   224  0.97   5.3 
   0   228  0.94   5.3 
   0   225  0.94   5.3 
   0   235  0.89   5.1 
   0   231  0.85   5.2 
   0   235  0.81   5.1 
   0   207  0.95   5.8 
   0   235  0.90   5.1 
   0   232  0.88   5.1 
   0   241  0.91   4.9 
   0   236  0.90   5.1 
   0   235  0.85   5.0 
   0   224  0.91   5.3 
   0   238  0.89   5.0 
   0   232  1.00   5.1 
   0   235  0.93   5.1 
   0   237  0.99   5.0 
   0   236  0.97   5.1 
   0   236  0.89   5.1 
   0   235  0.85   5.1 
   0   210  0.96   5.7 
   0   225  0.89   5.3 
   0   229  0.88   5.2 
   0   222  0.85   5.4 
   0   233  0.82   5.1 
   0   217  0.83   5.5 
   0   230  0.78   5.2 
   0   224  0.85   5.3 
   0   222  0.85   5.4 
   0   236  0.86   5.1 
   0   241  0.83   5.0 
   0   235  0.85   5.1 
   0   219  0.95   5.5 
   0   232  0.81   5.2 
   0   237  0.78   5.0 
   0   218  0.86   5.5 
   0   219  0.81   5.5 
   0   239  0.72   5.0 
   0   238  0.76   5.0 
   0   232  0.80   5.1 
   0   243  0.76   4.9 
   0   243  0.85   4.9 
   0   257  0.74   4.6 
   0   246  0.80   4.9 
   0   246  0.81   4.9 
   0   236  0.87   5.1 
   0   234  0.89   5.1 
   0   241  0.91   5.0 
   0   244  0.92   4.9 
   0   244  0.95   4.9 
   0   229  0.99   5.2 
   0   238  1.00   5.0 
   0   238  1.00   5.0 
   0   227  1.05   5.2 
   0   242  0.96   4.9 
   0   247  1.01   4.8 
   0   223  1.12   5.4 
   0   233  1.07   5.1 
   0   233  1.21   5.1 
   0   224  1.07   5.3 
   0   236  1.01   5.1 
   0   233  0.94   5.1 
   0   234  0.95   5.1 
   0   235  0.95   5.1 
   0   240  0.95   5.0 
   0   239  0.95   5.0 
   0   242  0.88   4.9 
   0   242  0.90   4.9 
   0   245  0.93   4.9 
   0   235  0.99   5.1 
   0   247  1.00   4.8 
   0   233  1.03   5.1 
   0   240  1.04   5.0 
   0   260  0.99   4.6 
   0   243  0.96   4.9 
   0   248  0.91   4.8 
   0   239  0.97   5.0 
   0   245  0.99   4.9 
   0   234  1.03   5.1 
   0   247  0.99   4.8 
   0   249  0.96   4.8 
   0   258  0.95   4.6 
   0   246  0.94   4.9 
   0   255  0.88   4.7 
   0   259  0.83   4.6 
   0   252  0.85   4.7 
   0   253  0.85   4.7 
   0   245  0.88   4.9 
   0   240  0.92   5.0 
   0   258  0.81   4.6 
   0   258  0.83   4.6 
   0   264  0.80   4.5 
   0   254  0.77   4.7 
   0   264  0.81   4.5 
   0   260  0.89   4.6 
   0   257  0.96   4.7 
   0   249  0.98   4.8 
   0   236  1.05   5.0 
   0   248  1.02   4.8 
   0   247  0.99   4.8 
   0   251  1.01   4.8 
   0   234  1.09   5.1 
   0   238  1.06   5.0 
   0   235  1.12   5.1 
   0   230  1.14   5.2 
   0   238  1.09   5.0 
   0   233  1.15   5.1 
   0   231  1.16   5.1 
   0   234  1.18   5.1 
   0   233  1.17   5.1 
   0   234  1.20   5.1 
   0   246  1.09   4.9 
   0   234  1.16   5.1 
   0   242  1.07   4.9 
   0   214  1.28   5.6 
   0   228  1.19   5.2 
   0   232  1.25   5.1 
   0   230  1.24   5.2 
   0   235  1.19   5.1 
   0   227  1.33   5.3 
   0   227  1.39   5.3 
   0   241  1.15   4.9 
   0   228  1.29   5.2 
   0   231  1.27   5.1 
   0   234  1.21   5.1 
   0   225  1.30   5.3 
   0   224  1.38   5.3 
   0   226  1.32   5.3 
   0   225  1.41   5.3 
   0   210  1.55   5.7 
   0   227  1.43   5.2 
   0   235  1.17   5.0 
   0   225  1.34   5.3 
   0   224  1.35   5.3 
   0   230  1.32   5.2 
   0   226  1.29   5.3 
   0   223  1.31   5.4 
   0   238  1.24   5.0 
   0   232  1.28   5.1 
   0   226  1.41   5.3 
   0   224  1.40   5.3 
   0   236  1.35   5.1 
   0   225  1.39   5.3 
   0   223  1.42   5.4 
   0   223  1.47   5.4 
   0   227  1.47   5.2 
   0   215  1.47   5.5 
   0   220  1.49   5.4 
   0   219  1.43   5.5 
   0   225  1.39   5.3 
   0   221  1.31   5.4 
   0   217  1.46   5.5 
   0   223  1.34   5.3 
   0   223  1.45   5.4 
   0   229  1.32   5.2 
   0   208  1.51   5.7 
   0   202  1.56   5.9 
   0   207  1.51   5.8 
   0   218  1.41   5.5 
   0   205  1.50   5.8 
   0   208  1.49   5.7 
   0   220  1.41   5.4 
   0   223  1.27   5.4 
   0   213  1.28   5.6 
   0   217  1.35   5.5 
   0   220  1.27   5.4 
   0   216  1.38   5.5 
   0   214  1.21   5.6 
   0   228  1.18   5.2 
   0   233  1.06   5.1 
   0   220  1.24   5.4 
   0   251  1.02   4.8 
   0   234  1.11   5.1 
   0   229  1.11   5.2 
   0   229  1.14   5.2 
   0   237  1.15   5.0 
   0   227  1.23   5.3 
   0   243  1.12   4.9 
   0   233  1.17   5.1 
   0   255  1.15   4.7 
   0   227  1.33   5.1 
   0   247  1.30   4.8 
   0   231  1.39   5.2 
   0   223  1.49   5.4 
   0   231  1.45   5.2 
   0   230  1.44   5.2 
   0   206  1.83   5.8 
   0   205  1.77   5.8 
   0   202  1.89   5.9 
   0   193  1.96   6.2 
   0   173  2.08   6.9 
   0   184  2.05   6.4 
   0   178  2.26   6.7 
   0   194  1.92   6.1 
   0   185  2.21   6.5 
   0   174  2.29   6.8 
   0   178  2.40   6.7 
   0   179  2.28   6.5 
   0   180  2.26   6.6 
   0   194  1.83   6.1 
   0   184  1.93   6.5 
   0   184  1.87   6.5 
   0   167  2.05   7.1 
   0   172  1.86   6.9 
   0   166  1.95   7.2 
   0   164  1.97   7.3 
   0   162  1.79   7.4 
   0   174  1.59   6.8 
   0   168  1.78   7.1 
   0   157  1.86   7.5 
   0   158  1.88   7.5 
   0   166  1.77   7.2 
   0   172  1.76   7.0 
   0   164  1.77   7.3 
   0   173  1.63   6.9 
   0   161  1.79   7.4 
   0   163  1.71   7.3 
   0   152  1.85   7.8 
   0   162  1.71   7.4 
   0   173  1.61   6.9 
   0   174  1.65   6.9 
   0   174  1.58   6.8 
   0   159  1.73   7.5 
   0   165  1.56   7.2 
   0   167  1.53   7.2 
   0   160  1.71   7.5 
   0   175  1.45   6.8 
   0   181  1.58   6.6 
   0   180  1.61   6.6 
   0   180  1.61   6.6 
   0   182  1.52   6.5 
   0   162  1.55   7.3 
   0   177  1.44   6.8 
   0   177  1.50   6.7 
   0   164  1.78   7.3 
   0   178  1.65   6.7 
   0   177  1.69   6.7 
   0   186  1.56   6.4 
   0   177  1.61   6.7 
   0   189  1.44   6.3 
   0   192  1.53   6.2 
   0   197  1.65   6.0 
   0   200  1.57   6.0 
   0   205  1.58   5.8 
   0   194  1.54   6.1 
   0   209  1.28   5.6 
   0   200  1.36   6.0 
   0   201  1.39   5.9 
   0   208  1.37   5.7 
   0   216  1.25   5.5 
   0   205  1.28   5.8 
   0   219  1.16   5.4 
   0   205  1.15   5.8 
   0   202  1.12   5.9 
   0   199  1.09   6.0 
   0   210  1.09   5.7 
   0   208  1.16   5.7 
   0   225  1.12   5.3 
   0   235  1.03   5.1 
   0   244  1.04   4.9 
   0   238  1.11   5.0 
   0   232  1.19   5.1 
   0   235  1.22   5.0 
   0   252  1.18   4.7 
   0   245  1.16   4.9 
   0   244  1.09   4.9 
   0   250  1.13   4.8 
   0   244  1.11   4.9 
   0   245  1.08   4.9 
   0   248  1.02   4.8 
   0   258  0.98   4.6 
   0   249  0.98   4.7 
   0   257  0.92   4.6 
   0   252  0.93   4.7 
   0   263  0.91   4.6 
   0   267  0.80   4.4 
   0   261  0.83   4.6 
   0   266  0.83   4.5 
   0   276  0.73   4.2 
   0   258  0.85   4.6 
   0   267  0.76   4.5 
   0   267  0.74   4.5 
   0   272  0.76   4.4 
   0   271  0.71   4.4 
   0   275  0.71   4.3 
   0   280  0.65   4.3 
   0   281  0.67   4.2 
   0   282  0.68   4.2 
   0   288  0.67   4.2 
   0   284  0.64   4.2 
   0   256  0.71   4.7 
   0   275  0.66   4.4 
   0   267  0.66   4.5 
   0   283  0.64   4.2 
   0   268  0.66   4.5 
   0   282  0.62   4.2 
   0   269  0.62   4.4 
   0   275  0.59   4.3 
   0   284  0.59   4.2 
   0   296  0.53   4.0 
   0   287  0.56   4.2 
   0   280  0.55   4.3 
   0   290  0.51   4.1 
   0   267  0.53   4.5 
   0   255  0.56   4.7 
   0   262  0.50   4.6 
   0   270  0.49   4.4 
   0   272  0.44   4.4 
   0   287  0.40   4.2 
   0   267  0.44   4.5 
   0   270  0.45   4.4 
   0   277  0.43   4.3 
   0   270  0.39   4.4 
   0   262  0.40   4.6 
   0   254  0.43   4.7 
   0   254  0.40   4.7 
   0   257  0.39   4.6 
   0   245  0.43   4.9 
   0   268  0.37   4.4 
   0   264  0.41   4.5 
   0   273  0.40   4.4 
   0   293  0.36   4.1 
   0   266  0.37   4.5 
   0   271  0.37   4.4 
   0   281  0.37   4.3 
   0   274  0.38   4.4 
   0   272  0.35   4.4 
   0   269  0.35   4.4 
   0   264  0.38   4.5 
   0   288  0.32   4.1 
   0   296  0.35   4.0 
   0   276  0.37   4.3 
   0   282  0.35   4.2 
   0   265  0.40   4.5 
   0   297  0.35   4.0 
   0   283  0.38   4.2 
   0   266  0.38   4.5 
   0   286  0.34   4.2 
   0   257  0.39   4.6 
   0   262  0.38   4.6 
   0   257  0.39   4.6 
   0   246  0.40   4.9 
   0   236  0.47   5.1 
   0   244  0.49   4.9 
   0   256  0.47   4.7 
   0   265  0.43   4.5 
   0   265  0.42   4.5 
   0   239  0.45   5.0 
   0   236  0.47   5.0 
   0   213  0.50   5.6 
   0   225  0.47   5.3 
   0   210  0.54   5.7 
   0   216  0.55   5.5 
   0   203  0.63   5.9 
   0   203  0.65   5.9 
   0   209  0.60   5.7 
   0   202  0.64   5.9 
   0   191  0.69   6.2 
   0   192  0.72   6.2 
   0   203  0.65   5.9 
   0   210  0.68   5.7 
   0   201  0.73   5.9 
   0   196  0.79   6.1 
   0   193  0.84   6.2 
   0   195  0.91   6.1 
   0   218  0.79   5.5 
   0   211  0.81   5.6 
   0   202  0.85   5.9 
   0   208  0.87   5.7 
   0   200  0.83   6.0 
   0   215  0.80   5.6 
   0   183  0.99   6.5 
   0   210  0.85   5.7 
   0   216  0.76   5.5 
   0   211  0.82   5.7 
   0   234  0.77   5.1 
   0   231  0.79   5.1 
   0   242  0.80   4.9 
   0   233  0.82   5.1 
   0   220  0.87   5.4 
   0   221  0.87   5.4 
   0   223  0.83   5.3 
   0   241  0.81   5.0 
   0   229  0.92   5.2 
   0   251  0.89   4.7 
   0   261  0.85   4.6 
   0   252  0.87   4.7 
   0   264  0.82   4.5 
   0   259  0.85   4.6 
   0   268  0.82   4.5 
   0   274  0.79   4.3 
   0   268  0.83   4.4 
   0   279  0.77   4.3 
   0   266  0.79   4.5 
   0   282  0.73   4.2 
   0   278  0.68   4.3 
   0   277  0.71   4.3 
   0   276  0.67   4.3 
   0   276  0.63   4.3 
   0   290  0.59   4.1 
   0   267  0.66   4.5 
   0   286  0.57   4.2 
   0   286  0.56   4.2 
   0   277  0.57   4.3 
   0   271  0.54   4.4 
   0   269  0.53   4.4 
   0   269  0.51   4.4 
   0   269  0.47   4.4 
   0   271  0.49   4.4 
   0   264  0.47   4.5 
   0   250  0.51   4.8 
   0   231  0.51   5.2 
   0   249  0.46   4.8 
   0   244  0.49   4.9 
   0   255  0.49   4.7 
   0   250  0.47   4.8 
   0   242  0.48   4.9 
   0   234  0.47   5.1 
   0   245  0.43   4.9 
   0   230  0.50   5.2 
   0   250  0.41   4.8 
   0   252  0.41   4.7 
   0   248  0.41   4.8 
   0   240  0.40   5.0 
   0   231  0.45   5.2 
   0   230  0.45   5.2 
   0   224  0.47   5.3 
   0   220  0.52   5.4 
   0   220  0.52   5.4 
   0   234  0.47   5.1 
   0   204  0.61   5.9 
   0   240  0.48   5.0 
   0   238  0.50   5.0 
   0   216  0.58   5.5 
   0   226  0.53   5.3 
   0   229  0.54   5.2 
   0   279  0.44   4.2 
   0   280  0.43   4.3 
   0   297  0.40   4.0 
   0   293  0.40   4.1 
   0   296  0.40   4.0 
   0   288  0.36   4.2 
   0   275  0.35   4.3 
   0   292  0.38   4.1 
   0   306  0.35   3.9 
   0   325  0.38   3.7 
   0   301  0.35   4.0 
   0   276  0.33   4.3 
   0   291  0.31   4.1 
   0   268  0.32   4.5 
   0   317  0.29   3.8 
   0   308  0.31   3.9 
   0   339  0.32   3.5 
   0   383  0.31   3.1 
   0   373  0.31   3.2 
   0   380  0.32   3.1 
   0   398  0.30   3.0 
   0   420  0.30   2.8 
   0   426  0.29   2.8 
   0   468  0.26   2.6 
   0   454  0.37   2.6 
   0   416  0.52   2.9 
   0   427  0.44   2.8 
   0   445  0.33   2.7 
