   0   438  0.31   2.7 
   0   449  0.31   2.7 
   0   440  0.37   2.7 
   0   469  0.37   2.6 
   0   464  0.35   2.6 
   0   441  0.38   2.7 
   0   459  0.32   2.6 
   0   470  0.30   2.5 
   0   493  0.29   2.4 
   0   456  0.37   2.6 
   0   456  0.34   2.6 
   0   476  0.26   2.5 
   0   485  0.22   2.5 
   0   511  0.19   2.3 
   0   508  0.18   2.4 
   0   503  0.19   2.4 
   0   500  0.19   2.4 
   0   491  0.23   2.4 
   0   491  0.20   2.4 
   0   481  0.17   2.5 
   0   508  0.15   2.4 
   0   523  0.22   2.3 
   0   490  0.22   2.4 
   0   512  0.20   2.3 
   0   461  0.17   2.6 
   0   443  0.14   2.7 
   0   447  0.12   2.7 
   0   395  0.11   3.0 
   0   343  0.11   3.5 
   0   403  0.12   3.0 
   0   445  0.20   2.7 
   0   443  0.21   2.7 
   0   471  0.24   2.5 
   0   447  0.28   2.7 
   0   418  0.31   2.9 
   0   387  0.37   3.1 
   0   377  0.45   3.2 
   0   379  0.42   3.2 
   0   365  0.42   3.3 
   0   340  0.44   3.5 
   0   317  0.54   3.8 
   0   310  0.60   3.9 
   0   301  0.66   4.0 
   0   287  0.72   4.2 
   0   287  0.71   4.2 
   0   274  0.75   4.4 
   0   275  0.73   4.4 
   0   267  0.74   4.5 
   0   279  0.69   4.3 
   0   282  0.64   4.2 
   0   272  0.69   4.4 
   0   277  0.74   4.3 
   0   303  0.71   4.0 
   0   289  0.68   4.1 
   0   286  0.69   4.2 
   0   290  0.85   4.1 
   0   269  0.87   4.4 
   0   253  0.95   4.7 
   0   251  0.98   4.8 
   0   244  1.02   4.9 
   0   242  0.99   4.9 
   0   250  0.93   4.8 
   0   245  0.91   4.9 
   0   236  0.94   5.1 
   0   241  0.91   4.9 
   0   235  1.00   5.1 
   0   249  1.01   4.8 
   0   219  1.16   5.4 
   0   224  1.15   5.3 
   0   206  1.20   5.8 
   0   222  1.16   5.4 
   0   210  1.21   5.7 
   0   211  1.29   5.7 
   0   195  1.39   6.1 
   0   199  1.35   5.9 
9999  9999 99.99 999.9 
   0   195  1.57   6.1 
   0   192  1.58   6.2 
   0   194  1.53   6.2 
   0   190  1.57   6.3 
   0   166  1.82   7.2 
   0   170  1.77   7.0 
   0   175  1.79   6.8 
   0   165  1.86   7.2 
   0   165  1.81   7.1 
   0   163  1.87   7.3 
   0   161  1.85   7.4 
   0   167  1.97   7.1 
   0   170  1.92   7.0 
   0   153  2.26   7.8 
   0   169  1.98   7.1 
   0   167  1.96   7.1 
   0   175  1.84   6.8 
   0   168  2.13   7.1 
   0   161  2.24   7.4 
   0   167  1.99   7.1 
   0   163  2.03   7.3 
   0   165  2.08   7.3 
   0   163  2.04   7.3 
   0   169  2.11   7.0 
   0   159  2.25   7.5 
   0   171  1.96   7.0 
   0   170  2.02   7.0 
   0   164  2.05   7.3 
   0   167  2.12   7.2 
   0   178  2.02   6.7 
   0   173  2.11   6.9 
   0   174  2.07   6.8 
9999  9999 99.99 999.9 
   0   171  2.26   7.0 
   0   174  2.07   6.8 
   0   160  2.04   7.4 
   0   167  2.15   7.1 
   0   164  2.13   7.3 
   0   177  1.92   6.7 
   0   175  1.93   6.8 
   0   169  1.86   7.0 
   0   166  1.97   7.2 
   0   169  1.82   7.1 
   0   177  1.74   6.7 
   0   168  1.76   7.1 
   0   164  1.83   7.3 
   0   177  1.53   6.7 
   0   167  1.61   7.1 
   0   163  1.45   7.3 
   0   167  1.43   7.2 
   0   161  1.46   7.3 
   0   155  1.39   7.7 
   0   164  1.23   7.3 
   0   165  1.25   7.2 
   0   156  1.42   7.6 
   0   178  1.09   6.7 
   0   164  1.26   7.3 
   0   167  1.14   7.1 
   0   173  1.10   6.9 
   0   162  1.14   7.3 
   0   187  0.94   6.4 
   0   163  1.08   7.3 
   0   164  1.04   7.2 
   0   172  1.05   7.0 
   0   169  1.05   7.0 
   0   178  0.98   6.7 
   0   158  1.12   7.5 
   0   164  1.07   7.3 
   0   162  1.07   7.3 
   0   188  0.85   6.3 
   0   184  0.92   6.4 
   0   199  0.81   6.0 
   0   189  0.78   6.3 
   0   178  0.76   6.7 
   0   180  0.79   6.7 
   0   222  0.76   5.4 
   0   218  0.71   5.5 
   0   242  0.60   4.9 
   0   205  0.68   5.8 
   0   221  0.63   5.4 
   0   231  0.60   5.2 
   0   223  0.62   5.4 
   0   216  0.66   5.5 
   0   199  0.64   6.0 
   0   180  0.67   6.6 
   0   192  0.68   6.2 
   0   197  0.63   6.1 
   0   201  0.68   5.9 
   0   186  0.70   6.4 
   0   186  0.73   6.4 
   0   174  0.75   6.8 
   0   183  0.71   6.5 
   0   188  0.74   6.4 
   0   189  0.78   6.3 
   0   205  0.68   5.8 
   0   195  0.75   6.1 
   0   197  0.77   6.1 
   0   182  0.78   6.5 
   0   194  0.71   6.1 
   0   206  0.68   5.8 
   0   189  0.72   6.3 
   0   199  0.67   6.0 
   0   207  0.61   5.8 
   0   200  0.63   6.0 
   0   203  0.71   5.9 
   0   241  0.59   5.0 
   0   221  0.65   5.4 
   0   219  0.70   5.5 
   0   222  0.59   5.4 
   0   213  0.64   5.6 
   0   235  0.59   5.1 
   0   253  0.54   4.7 
   0   218  0.57   5.5 
   0   243  0.49   4.9 
   0   221  0.53   5.4 
   0   242  0.51   4.9 
   0   230  0.51   5.2 
   0   265  0.43   4.5 
   0   240  0.42   5.0 
   0   245  0.41   4.9 
   0   231  0.41   5.2 
   0   223  0.41   5.4 
   0   218  0.39   5.5 
   0   225  0.41   5.3 
   0   272  0.40   4.4 
   0   292  0.49   4.1 
   0   295  0.53   4.1 
   0   287  0.55   4.2 
   0   296  0.53   4.0 
   0   287  0.61   4.2 
   0   301  0.63   4.0 
   0   292  0.73   4.1 
   0   284  0.82   4.2 
   0   279  0.83   4.3 
   0   268  0.94   4.5 
   0   262  0.93   4.5 
   0   257  0.98   4.6 
   0   257  1.04   4.6 
   0   248  1.13   4.8 
   0   250  1.11   4.8 
   0   257  1.09   4.6 
   0   251  1.05   4.8 
   0   247  1.12   4.9 
   0   245  1.13   4.9 
   0   246  1.13   4.9 
   0   242  1.14   4.9 
   0   244  1.07   4.9 
   0   258  0.93   4.6 
   0   251  1.03   4.8 
   0   252  1.00   4.7 
   0   244  1.00   4.9 
   0   258  0.93   4.6 
   0   257  0.98   4.6 
   0   256  1.00   4.7 
   0   259  1.06   4.6 
   0   260  1.05   4.6 
   0   240  1.14   5.0 
   0   245  1.04   4.9 
   0   238  1.22   5.0 
   0   248  1.06   4.8 
   0   253  1.01   4.7 
   0   248  0.94   4.8 
   0   269  0.87   4.4 
   0   247  0.88   4.9 
   0   252  0.83   4.7 
   0   262  0.85   4.6 
   0   272  0.79   4.4 
   0   259  0.83   4.6 
   0   262  0.81   4.6 
   0   261  0.78   4.6 
   0   273  0.73   4.4 
   0   256  0.82   4.7 
   0   257  0.79   4.6 
   0   268  0.75   4.4 
   0   246  0.91   4.9 
   0   266  0.86   4.5 
   0   252  0.90   4.7 
   0   253  0.94   4.7 
   0   256  0.96   4.7 
   0   262  0.98   4.6 
   0   244  1.01   4.9 
   0   244  0.96   4.9 
   0   252  1.03   4.7 
   0   253  0.97   4.7 
   0   239  1.00   5.0 
   0   244  1.06   4.9 
   0   241  1.20   5.0 
   0   239  1.22   5.0 
   0   235  1.28   5.1 
   0   226  1.37   5.3 
   0   218  1.41   5.5 
   0   227  1.29   5.3 
   0   219  1.30   5.4 
   0   223  1.38   5.4 
   0   224  1.39   5.3 
   0   218  1.37   5.5 
   0   225  1.22   5.3 
   0   220  1.35   5.4 
   0   232  1.25   5.1 
   0   234  1.10   5.1 
   0   223  1.22   5.3 
   0   230  1.20   5.2 
   0   232  1.17   5.2 
   0   249  1.00   4.8 
   0   216  1.22   5.5 
   0   243  1.05   4.9 
   0   235  1.08   5.1 
   0   245  1.00   4.9 
   0   239  1.05   5.0 
   0   258  0.89   4.6 
   0   249  0.94   4.8 
   0   242  0.94   4.9 
   0   230  0.97   5.2 
   0   258  0.92   4.6 
   0   257  0.90   4.6 
   0   249  0.92   4.8 
   0   259  0.92   4.6 
   0   265  0.93   4.5 
   0   256  0.87   4.7 
   0   260  0.88   4.6 
   0   254  0.95   4.7 
   0   262  0.97   4.6 
   0   254  1.00   4.7 
   0   247  1.03   4.8 
   0   263  0.94   4.5 
   0   249  1.06   4.8 
   0   250  1.01   4.8 
   0   253  1.04   4.7 
   0   253  1.06   4.7 
   0   248  1.07   4.8 
   0   254  1.02   4.7 
   0   250  1.02   4.8 
   0   251  1.01   4.8 
   0   252  1.03   4.7 
   0   252  1.09   4.8 
   0   242  1.07   4.9 
   0   251  0.99   4.8 
   0   258  1.01   4.6 
   0   260  0.98   4.6 
   0   244  1.06   4.9 
   0   239  1.03   5.0 
   0   249  0.96   4.8 
   0   250  0.94   4.8 
   0   249  0.94   4.8 
   0   243  0.96   4.9 
   0   258  0.87   4.6 
   0   245  0.90   4.9 
   0   243  0.87   4.9 
   0   244  0.82   4.9 
   0   238  0.88   5.0 
   0   241  0.86   5.0 
   0   240  0.88   5.0 
   0   237  0.86   5.0 
   0   240  0.83   5.0 
   0   249  0.80   4.8 
   0   244  0.88   4.9 
   0   252  0.82   4.7 
   0   254  0.85   4.7 
   0   271  0.73   4.4 
   0   239  0.90   5.0 
   0   252  0.90   4.7 
   0   243  0.90   4.9 
   0   259  0.76   4.6 
   0   231  0.82   5.2 
   0   229  0.83   5.2 
   0   233  0.80   5.1 
   0   234  0.73   5.1 
   0   223  0.76   5.3 
   0   219  0.77   5.5 
   0   224  0.72   5.3 
   0   218  0.74   5.5 
   0   210  0.76   5.7 
   0   215  0.68   5.5 
   0   216  0.69   5.5 
   0   218  0.68   5.5 
   0   204  0.72   5.8 
   0   216  0.67   5.5 
   0   222  0.62   5.4 
   0   215  0.70   5.6 
   0   190  0.77   6.2 
   0   200  0.74   6.0 
   0   212  0.65   5.6 
   0   205  0.72   5.8 
   0   207  0.65   5.7 
   0   221  0.58   5.4 
   0   207  0.65   5.7 
   0   216  0.61   5.5 
   0   223  0.61   5.3 
   0   218  0.65   5.5 
   0   213  0.63   5.6 
   0   220  0.59   5.4 
   0   221  0.56   5.4 
   0   230  0.52   5.2 
   0   224  0.51   5.3 
   0   236  0.49   5.1 
   0   217  0.49   5.5 
   0   223  0.53   5.4 
   0   244  0.45   4.9 
   0   224  0.52   5.3 
   0   232  0.46   5.2 
   0   237  0.47   5.0 
   0   221  0.50   5.4 
   0   237  0.45   5.0 
   0   237  0.48   5.0 
   0   220  0.49   5.4 
   0   231  0.52   5.1 
   0   255  0.45   4.7 
   0   234  0.48   5.1 
   0   235  0.45   5.1 
   0   213  0.52   5.6 
   0   228  0.49   5.2 
   0   236  0.47   5.1 
   0   235  0.48   5.1 
   0   239  0.46   5.0 
   0   225  0.50   5.3 
   0   227  0.46   5.2 
   0   228  0.44   5.2 
   0   218  0.46   5.5 
   0   214  0.45   5.6 
   0   196  0.52   6.1 
   0   218  0.45   5.5 
   0   223  0.44   5.3 
   0   238  0.41   5.0 
   0   199  0.52   6.0 
   0   196  0.51   6.1 
   0   187  0.55   6.4 
   0   189  0.53   6.3 
   0   186  0.56   6.4 
   0   202  0.52   5.9 
   0   220  0.49   5.4 
   0   217  0.48   5.5 
   0   229  0.45   5.2 
   0   225  0.49   5.3 
   0   220  0.47   5.4 
   0   217  0.51   5.5 
   0   217  0.54   5.5 
   0   222  0.47   5.4 
   0   221  0.51   5.4 
   0   220  0.49   5.4 
   0   217  0.55   5.5 
   0   222  0.53   5.4 
   0   226  0.55   5.3 
   0   216  0.55   5.5 
   0   216  0.48   5.5 
   0   205  0.54   5.8 
   0   201  0.55   5.9 
   0   189  0.63   6.3 
   0   190  0.65   6.3 
   0   214  0.59   5.6 
   0   212  0.56   5.6 
   0   201  0.59   5.9 
   0   207  0.59   5.8 
   0   194  0.65   6.1 
   0   206  0.60   5.8 
   0   195  0.63   6.1 
   0   203  0.62   5.9 
   0   199  0.59   6.0 
   0   202  0.59   5.9 
   0   201  0.63   5.9 
   0   197  0.60   6.0 
   0   202  0.57   5.9 
   0   185  0.67   6.5 
   0   188  0.64   6.3 
   0   201  0.60   5.9 
   0   201  0.57   5.9 
   0   205  0.58   5.8 
   0   201  0.59   5.9 
   0   204  0.61   5.8 
   0   194  0.63   6.2 
   0   196  0.66   6.1 
   0   204  0.62   5.8 
   0   195  0.66   6.1 
   0   197  0.73   6.0 
   0   208  0.72   5.7 
   0   210  0.77   5.7 
   0   227  0.73   5.3 
   0   219  0.73   5.4 
   0   215  0.74   5.5 
   0   225  0.69   5.3 
   0   235  0.69   5.1 
   0   223  0.73   5.4 
   0   240  0.64   5.0 
   0   245  0.61   4.9 
   0   239  0.59   5.0 
   0   227  0.63   5.3 
   0   238  0.58   5.0 
   0   232  0.63   5.1 
   0   241  0.59   5.0 
   0   247  0.59   4.8 
   0   251  0.58   4.8 
   0   238  0.63   5.0 
   0   236  0.61   5.1 
   0   234  0.58   5.1 
   0   247  0.55   4.8 
   0   241  0.55   5.0 
   0   240  0.56   5.0 
   0   235  0.58   5.1 
   0   245  0.57   4.9 
   0   240  0.55   5.0 
   0   256  0.55   4.7 
   0   252  0.52   4.7 
   0   256  0.55   4.7 
   0   245  0.57   4.9 
   0   255  0.56   4.7 
   0   253  0.53   4.7 
   0   245  0.55   4.9 
   0   230  0.62   5.2 
   0   237  0.56   5.0 
   0   223  0.66   5.4 
   0   243  0.62   4.9 
   0   216  0.81   5.5 
   0   225  0.77   5.3 
   0   247  0.66   4.8 
   0   239  0.71   5.0 
   0   233  0.75   5.1 
   0   240  0.73   5.0 
   0   240  0.66   5.0 
   0   235  0.70   5.1 
   0   241  0.71   5.0 
   0   243  0.65   4.9 
   0   248  0.63   4.8 
   0   235  0.69   5.1 
   0   241  0.61   4.9 
   0   242  0.68   4.9 
   0   232  0.65   5.1 
   0   246  0.59   4.8 
   0   244  0.62   4.9 
   0   242  0.58   4.9 
   0   262  0.51   4.6 
   0   246  0.56   4.9 
   0   250  0.61   4.8 
   0   260  0.53   4.6 
   0   260  0.55   4.6 
   0   261  0.54   4.6 
   0   264  0.54   4.5 
   0   251  0.58   4.8 
   0   259  0.54   4.6 
   0   268  0.52   4.5 
   0   263  0.56   4.5 
   0   259  0.57   4.5 
   0   274  0.53   4.4 
   0   280  0.50   4.3 
   0   262  0.52   4.5 
   0   274  0.50   4.4 
   0   290  0.58   4.1 
   0   301  0.63   4.0 
   0   296  0.66   4.0 
   0   277  0.72   4.3 
   0   289  0.70   4.1 
   0   293  0.65   4.1 
   0   279  0.65   4.3 
   0   294  0.65   4.1 
   0   286  0.64   4.2 
   0   272  0.67   4.4 
   0   272  0.58   4.4 
   0   282  0.54   4.2 
   0   282  0.51   4.2 
   0   276  0.51   4.3 
   0   277  0.49   4.3 
   0   289  0.51   4.1 
   0   298  0.50   4.0 
   0   291  0.50   4.1 
   0   302  0.47   3.9 
   0   278  0.53   4.3 
   0   292  0.47   4.1 
   0   299  0.46   4.0 
   0   322  0.49   3.7 
   0   321  0.48   3.7 
   0   328  0.47   3.6 
   0   339  0.50   3.5 
   0   335  0.52   3.6 
   0   332  0.54   3.6 
   0   330  0.58   3.6 
   0   332  0.56   3.6 
   0   328  0.61   3.6 
   0   330  0.58   3.6 
   0   311  0.60   3.8 
   0   332  0.60   3.6 
   0   339  0.55   3.5 
   0   335  0.57   3.6 
   0   345  0.51   3.5 
   0   361  0.46   3.3 
   0   353  0.46   3.4 
   0   352  0.44   3.4 
   0   331  0.42   3.6 
   0   339  0.38   3.5 
   0   324  0.38   3.7 
   0   325  0.34   3.7 
   0   328  0.32   3.6 
   0   313  0.34   3.8 
   0   329  0.32   3.6 
   0   304  0.33   3.9 
   0   313  0.30   3.8 
   0   307  0.30   3.9 
   0   302  0.31   4.0 
   0   303  0.31   4.0 
   0   298  0.32   4.0 
   0   293  0.32   4.1 
   0   303  0.31   3.9 
   0   290  0.30   4.1 
   0   298  0.28   4.0 
   0   312  0.27   3.8 
   0   304  0.26   3.9 
   0   312  0.24   3.8 
   0   306  0.26   3.9 
   0   304  0.26   3.9 
   0   313  0.24   3.8 
   0   308  0.25   3.9 
   0   335  0.23   3.6 
   0   341  0.22   3.5 
   0   351  0.20   3.4 
   0   323  0.20   3.7 
   0   312  0.22   3.8 
   0   313  0.22   3.8 
   0   326  0.22   3.7 
   0   322  0.22   3.7 
   0   298  0.25   4.0 
   0   314  0.24   3.8 
   0   319  0.25   3.8 
   0   335  0.25   3.6 
   0   352  0.22   3.4 
   0   341  0.23   3.5 
   0   355  0.22   3.4 
   0   384  0.21   3.1 
   0   388  0.21   3.1 
   0   395  0.21   3.0 
   0   400  0.20   3.0 
   0   398  0.19   3.0 
   0   374  0.18   3.2 
   0   405  0.18   2.9 
   0   382  0.20   3.1 
   0   397  0.17   3.0 
   0   414  0.18   2.9 
   0   414  0.18   2.9 
   0   411  0.17   2.9 
   0   393  0.16   3.0 
   0   372  0.15   3.2 
   0   355  0.15   3.4 
   0   335  0.15   3.6 
   0   326  0.15   3.7 
   0   334  0.15   3.6 
   0   340  0.14   3.5 
   0   320  0.16   3.7 
   0   328  0.13   3.6 
   0   344  0.13   3.5 
   0   355  0.12   3.4 
   0   327  0.13   3.7 
   0   332  0.12   3.6 
   0   360  0.13   3.3 
   0   336  0.14   3.6 
   0   351  0.12   3.4 
   0   349  0.12   3.4 
   0   379  0.12   3.2 
   0   432  0.11   2.8 
   0   413  0.12   2.9 
   0   444  0.11   2.7 
   0   421  0.12   2.8 
   0   416  0.12   2.9 
   0   478  0.12   2.5 
   0   462  0.11   2.6 
   0   480  0.11   2.5 
   0   507  0.11   2.4 
9999  9999 99.99 999.9 
   0   448  0.09   2.7 
   0   437  0.10   2.7 
   0   427  0.09   2.8 
   0   452  0.09   2.6 
   0   469  0.09   2.5 
   0   478  0.09   2.5 
   0   494  0.10   2.4 
   0   461  0.11   2.6 
   0   504  0.12   2.4 
   0   526  0.12   2.3 
   0   583  0.12   2.1 
   0   581  0.11   2.1 
   0   567  0.11   2.1 
   0   545  0.11   2.2 
   0   537  0.12   2.2 
   0   564  0.11   2.1 
   0   562  0.12   2.1 
   0   571  0.14   2.1 
   0   564  0.12   2.1 
   0   569  0.11   2.1 
   0   535  0.12   2.2 
   0   544  0.10   2.2 
   0   567  0.10   2.1 
   0   539  0.11   2.2 
   0   460  0.10   2.6 
   0   439  0.10   2.7 
   0   503  0.10   2.4 
   0   522  0.11   2.3 
   0   515  0.11   2.3 
   0   520  0.12   2.3 
   0   469  0.12   2.6 
   0   482  0.12   2.5 
   0   492  0.13   2.4 
   0   442  0.14   2.7 
   0   461  0.13   2.6 
   0   486  0.14   2.5 
   0   493  0.15   2.4 
   0   454  0.16   2.6 
   0   445  0.18   2.7 
   0   414  0.19   2.9 
   0   439  0.19   2.7 
   0   424  0.17   2.8 
   0   417  0.16   2.9 
   0   388  0.18   3.1 
   0   353  0.19   3.4 
   0   336  0.18   3.5 
   0   341  0.19   3.5 
   0   346  0.19   3.5 
   0   327  0.19   3.7 
   0   317  0.20   3.8 
   0   293  0.22   4.1 
   0   286  0.26   4.2 
   0   292  0.24   4.1 
   0   298  0.24   4.0 
   0   290  0.22   4.1 
   0   273  0.24   4.4 
   0   279  0.25   4.3 
   0   271  0.27   4.4 
   0   266  0.28   4.5 
   0   298  0.24   4.0 
   0   269  0.26   4.4 
   0   320  0.23   3.7 
   0   295  0.26   4.0 
   0   328  0.24   3.7 
   0   323  0.25   3.7 
   0   345  0.26   3.5 
   0   329  0.25   3.6 
   0   319  0.25   3.8 
   0   317  0.25   3.8 
   0   296  0.27   4.0 
   0   286  0.27   4.2 
   0   304  0.24   3.9 
   0   319  0.24   3.8 
   0   331  0.24   3.6 
   0   339  0.23   3.5 
   0   325  0.24   3.7 
   0   333  0.24   3.6 
   0   348  0.21   3.4 
   0   337  0.22   3.6 
   0   311  0.22   3.8 
   0   339  0.20   3.5 
   0   356  0.21   3.4 
   0   341  0.20   3.5 
   0   347  0.19   3.4 
   0   331  0.19   3.6 
   0   341  0.18   3.5 
   0   332  0.19   3.6 
   0   342  0.19   3.5 
   0   370  0.19   3.2 
   0   326  0.22   3.6 
   0   398  0.18   3.0 
   0   365  0.20   3.3 
   0   377  0.21   3.2 
   0   370  0.21   3.2 
   0   390  0.22   3.1 
   0   408  0.22   2.9 
   0   377  0.23   3.2 
   0   395  0.23   3.0 
   0   384  0.24   3.1 
   0   396  0.22   3.0 
   0   394  0.21   3.0 
   0   414  0.21   2.9 
   0   392  0.23   3.0 
   0   389  0.22   3.1 
   0   404  0.23   3.0 
   0   409  0.21   2.9 
   0   386  0.22   3.1 
9999  9999 99.99 999.9 
   0   385  0.21   3.0 
   0   340  0.23   3.5 
   0   360  0.22   3.3 
   0   365  0.22   3.3 
   0   373  0.22   3.2 
   0   362  0.23   3.3 
   0   367  0.22   3.3 
   0   359  0.22   3.3 
   0   319  0.23   3.7 
   0   334  0.19   3.6 
   0   323  0.19   3.7 
   0   272  0.22   4.4 
   0   262  0.21   4.6 
   0   280  0.20   4.3 
   0   272  0.21   4.4 
   0   276  0.21   4.3 
   0   262  0.23   4.6 
   0   259  0.24   4.6 
   0   260  0.27   4.6 
   0   262  0.29   4.5 
   0   282  0.29   4.2 
   0   339  0.31   3.5 
   0   364  0.34   3.3 
   0   358  0.43   3.3 
   0   351  0.51   3.4 
   0   331  0.61   3.6 
   0   291  0.83   4.1 
   0   286  0.85   4.2 
   0   300  0.79   4.0 
   0   280  0.87   4.3 
   0   286  0.83   4.2 
   0   294  0.77   4.1 
   0   293  0.81   4.1 
   0   293  0.78   4.1 
   0   287  0.78   4.2 
   0   285  0.81   4.2 
   0   282  0.76   4.2 
   0   288  0.78   4.1 
   0   281  0.74   4.3 
   0   292  0.71   4.1 
   0   309  0.61   3.9 
   0   313  0.58   3.8 
   0   314  0.58   3.8 
   0   317  0.54   3.8 
   0   319  0.54   3.7 
   0   303  0.56   3.9 
   0   290  0.58   4.1 
   0   291  0.55   4.1 
   0   296  0.52   4.0 
   0   283  0.53   4.2 
   0   288  0.51   4.1 
   0   293  0.47   4.1 
   0   279  0.49   4.3 
   0   279  0.47   4.3 
   0   272  0.46   4.4 
   0   261  0.52   4.6 
   0   264  0.50   4.5 
   0   256  0.52   4.7 
   0   266  0.48   4.5 
   0   257  0.51   4.7 
   0   254  0.49   4.7 
   0   269  0.48   4.5 
   0   280  0.46   4.3 
   0   296  0.42   4.0 
   0   280  0.39   4.3 
   0   278  0.42   4.3 
   0   279  0.39   4.3 
   0   288  0.38   4.2 
   0   279  0.42   4.3 
   0   280  0.39   4.3 
   0   278  0.38   4.3 
   0   280  0.38   4.3 
   0   279  0.38   4.3 
   0   272  0.40   4.4 
   0   289  0.38   4.1 
   0   273  0.40   4.4 
   0   283  0.35   4.2 
   0   308  0.29   3.9 
   0   326  0.30   3.7 
   0   346  0.30   3.5 
   0   343  0.30   3.5 
   0   354  0.29   3.4 
   0   337  0.29   3.6 
   0   341  0.27   3.5 
   0   333  0.26   3.6 
   0   311  0.28   3.8 
   0   352  0.26   3.4 
   0   363  0.27   3.3 
   0   364  0.29   3.3 
   0   355  0.26   3.4 
   0   346  0.25   3.4 
   0   311  0.28   3.8 
   0   310  0.30   3.8 
   0   305  0.31   3.9 
   0   293  0.29   4.1 
   0   291  0.26   4.1 
   0   255  0.30   4.7 
   0   247  0.27   4.8 
   0   264  0.27   4.5 
   0   350  0.43   3.4 
   0   338  0.60   3.5 
   0   309  0.84   3.9 
   0   298  0.93   4.0 
   0   282  0.99   4.2 
   0   271  1.07   4.4 
   0   267  1.06   4.5 
   0   289  0.88   4.1 
   0   272  0.92   4.4 
   0   276  0.79   4.3 
   0   280  0.84   4.3 
   0   278  0.82   4.3 
   0   267  0.92   4.5 
   0   258  1.01   4.6 
   0   253  1.21   4.7 
   0   255  1.15   4.7 
   0   244  1.13   4.9 
   0   236  1.12   5.1 
   0   235  1.14   5.1 
   0   251  1.08   4.8 
   0   224  1.33   5.3 
   0   232  1.42   5.1 
   0   224  1.49   5.3 
   0   227  1.48   5.2 
   0   235  1.43   5.1 
   0   219  1.51   5.4 
   0   210  1.46   5.7 
   0   196  1.81   6.1 
   0   218  1.61   5.5 
   0   211  1.55   5.7 
   0   208  1.67   5.8 
   0   216  1.63   5.5 
   0   208  1.74   5.7 
   0   209  1.55   5.7 
   0   219  1.52   5.5 
   0   203  1.81   5.9 
   0   201  1.83   5.9 
   0   198  1.86   6.0 
   0   197  1.78   6.1 
   0   193  1.89   6.2 
   0   183  2.16   6.5 
   0   186  1.91   6.4 
   0   186  1.93   6.4 
   0   177  2.14   6.7 
   0   184  2.10   6.4 
   0   196  1.93   6.1 
   0   190  1.99   6.3 
   0   187  2.10   6.4 
   0   194  2.05   6.1 
   0   184  2.18   6.5 
   0   174  2.32   6.9 
   0   180  2.38   6.6 
   0   180  2.30   6.6 
   0   171  2.53   7.0 
   0   175  2.33   6.8 
   0   164  2.66   7.3 
   0   168  2.54   7.1 
   0   177  2.38   6.7 
   0   179  2.39   6.7 
   0   166  2.73   7.2 
   0   162  2.61   7.4 
   0   175  2.37   6.8 
   0   149  2.55   7.3 
   0   164  2.57   7.3 
   0   157  2.73   7.6 
   0   171  2.50   7.0 
   0   170  2.51   7.0 
   0   160  2.64   7.5 
   0   162  2.63   7.4 
   0   167  2.57   7.1 
   0   158  2.60   7.6 
   0   156  2.74   7.7 
   0   162  2.50   7.3 
   0   162  2.54   7.3 
   0   158  2.42   7.5 
   0   154  2.55   7.7 
   0   157  2.60   7.6 
   0   175  2.16   6.8 
   0   166  2.43   7.2 
   0   174  2.10   6.8 
   0   168  2.25   7.1 
   0   176  2.09   6.7 
   0   168  2.12   7.1 
   0   170  2.08   7.0 
   0   167  2.12   7.1 
   0   185  1.88   6.5 
   0   165  2.10   7.2 
   0   186  1.93   6.4 
   0   176  2.03   6.8 
   0   174  1.98   6.8 
   0   174  1.80   6.9 
   0   176  1.90   6.8 
   0   169  1.91   7.1 
   0   179  1.70   6.6 
   0   182  1.80   6.6 
   0   164  1.97   7.3 
   0   178  1.75   6.7 
   0   177  1.72   6.7 
   0   200  1.53   6.0 
   0   181  1.72   6.6 
   0   186  1.60   6.4 
   0   180  1.65   6.6 
   0   184  1.47   6.5 
   0   178  1.63   6.7 
   0   199  1.45   6.0 
   0   193  1.44   6.2 
   0   205  1.40   5.8 
   0   195  1.41   6.1 
   0   188  1.45   6.3 
   0   188  1.37   6.3 
   0   187  1.49   6.4 
   0   199  1.40   6.0 
   0   206  1.28   5.8 
   0   199  1.29   6.0 
   0   213  1.25   5.6 
   0   200  1.39   6.0 
   0   215  1.33   5.6 
   0   215  1.28   5.6 
   0   208  1.35   5.7 
   0   206  1.41   5.8 
   0   196  1.38   6.1 
   0   210  1.25   5.7 
   0   205  1.33   5.8 
   0   203  1.29   5.9 
   0   194  1.32   6.1 
   0   200  1.28   6.0 
   0   210  1.18   5.7 
   0   207  1.21   5.8 
   0   214  1.14   5.6 
   0   217  1.11   5.5 
   0   220  1.06   5.4 
   0   217  1.07   5.5 
   0   209  1.06   5.7 
   0   212  1.07   5.6 
   0   192  1.22   6.2 
   0   206  1.08   5.8 
   0   196  1.15   6.0 
   0   202  1.13   5.9 
   0   193  1.17   6.2 
   0   190  1.19   6.3 
   0   203  1.04   5.8 
   0   188  1.12   6.3 
   0   204  1.01   5.9 
   0   199  1.02   6.0 
   0   199  0.96   6.0 
   0   204  0.90   5.8 
   0   208  0.83   5.7 
   0   198  0.85   6.0 
   0   198  0.84   6.0 
   0   188  0.88   6.3 
   0   203  0.74   5.8 
   0   192  0.81   6.2 
   0   199  0.76   6.0 
   0   206  0.70   5.8 
   0   196  0.74   6.1 
   0   223  0.64   5.4 
   0   218  0.60   5.4 
   0   205  0.65   5.8 
   0   212  0.56   5.6 
   0   213  0.58   5.6 
   0   213  0.54   5.6 
   0   203  0.60   5.9 
   0   206  0.52   5.8 
   0   220  0.49   5.4 
   0   221  0.50   5.4 
   0   221  0.50   5.4 
   0   215  0.48   5.5 
   0   205  0.57   5.8 
   0   223  0.55   5.4 
   0   221  0.57   5.4 
   0   244  0.57   4.9 
   0   244  0.58   4.9 
   0   262  0.59   4.6 
   0   270  0.54   4.4 
   0   265  0.53   4.5 
   0   263  0.56   4.6 
   0   270  0.54   4.4 
   0   271  0.52   4.4 
   0   283  0.51   4.2 
   0   301  0.54   4.0 
   0   293  0.54   4.1 
   0   286  0.53   4.2 
   0   289  0.50   4.1 
   0   294  0.52   4.1 
   0   296  0.49   4.0 
   0   298  0.53   4.0 
   0   301  0.54   4.0 
   0   303  0.59   3.9 
   0   308  0.57   3.9 
   0   303  0.64   3.9 
   0   299  0.72   4.0 
   0   294  0.74   4.1 
   0   296  0.76   4.0 
   0   295  0.73   4.0 
   0   298  0.74   4.0 
   0   285  0.81   4.2 
   0   292  0.81   4.1 
   0   291  0.86   4.1 
   0   291  0.85   4.1 
   0   275  0.92   4.4 
   0   281  0.87   4.2 
   0   285  0.85   4.2 
   0   283  0.87   4.2 
   0   279  0.90   4.3 
   0   266  0.96   4.5 
   0   282  0.87   4.2 
   0   281  0.81   4.3 
   0   286  0.84   4.2 
   0   285  0.82   4.2 
   0   280  0.84   4.3 
   0   266  0.86   4.5 
   0   272  0.82   4.4 
   0   265  0.93   4.5 
   0   243  0.98   4.9 
   0   247  0.94   4.8 
   0   244  0.96   4.9 
   0   256  0.92   4.7 
   0   260  0.94   4.6 
   0   255  0.95   4.7 
   0   271  0.87   4.4 
   0   267  0.88   4.5 
   0   266  0.86   4.5 
   0   239  0.96   5.0 
   0   248  0.99   4.8 
   0   255  0.96   4.7 
   0   227  1.17   5.3 
   0   229  1.27   5.2 
   0   237  1.26   5.0 
   0   223  1.41   5.4 
   0   236  1.27   5.1 
   0   233  1.30   5.1 
   0   240  1.34   5.0 
   0   238  1.33   5.0 
   0   226  1.42   5.3 
   0   222  1.34   5.4 
   0   247  1.18   4.8 
   0   231  1.31   5.2 
   0   239  1.26   5.0 
   0   246  1.23   4.9 
   0   231  1.27   5.2 
   0   234  1.22   5.1 
   0   239  1.18   5.0 
   0   242  1.10   4.9 
   0   238  1.12   5.0 
   0   221  1.20   5.4 
   0   231  1.16   5.2 
   0   252  0.97   4.7 
   0   234  1.11   5.1 
   0   229  1.07   5.2 
   0   229  1.14   5.2 
   0   221  1.24   5.4 
   0   228  1.18   5.2 
   0   216  1.36   5.5 
   0   223  1.27   5.4 
   0   227  1.20   5.3 
   0   222  1.26   5.4 
   0   231  1.14   5.2 
   0   213  1.24   5.6 
   0   233  1.10   5.1 
   0   222  1.14   5.4 
   0   230  1.00   5.2 
   0   228  1.07   5.2 
   0   218  1.09   5.5 
   0   220  1.00   5.4 
   0   214  1.09   5.6 
   0   212  1.10   5.7 
   0   227  0.91   5.3 
   0   217  0.98   5.5 
   0   231  0.95   5.2 
   0   218  0.95   5.5 
   0   223  0.96   5.3 
   0   229  0.90   5.2 
   0   222  0.95   5.4 
   0   213  0.95   5.6 
   0   235  0.85   5.1 
   0   226  0.89   5.3 
   0   230  0.79   5.2 
   0   224  0.81   5.3 
   0   224  0.82   5.3 
   0   218  0.79   5.5 
   0   218  0.82   5.5 
   0   234  0.72   5.1 
   0   222  0.70   5.4 
   0   218  0.72   5.5 
   0   215  0.71   5.6 
   0   228  0.68   5.2 
   0   221  0.70   5.4 
   0   209  0.71   5.7 
   0   215  0.76   5.5 
   0   226  0.67   5.3 
   0   237  0.62   5.0 
   0   254  0.57   4.7 
   0   215  0.67   5.5 
   0   208  0.67   5.8 
   0   214  0.63   5.6 
   0   219  0.58   5.5 
   0   208  0.59   5.7 
   0   224  0.54   5.3 
   0   217  0.53   5.5 
   0   203  0.58   5.9 
   0   223  0.52   5.4 
   0   226  0.52   5.3 
   0   225  0.51   5.3 
   0   246  0.47   4.8 
   0   244  0.48   4.9 
   0   223  0.52   5.4 
   0   245  0.43   4.9 
   0   237  0.46   5.0 
   0   232  0.46   5.1 
   0   235  0.44   5.1 
   0   237  0.43   5.0 
   0   248  0.40   4.8 
   0   233  0.40   5.1 
   0   225  0.43   5.3 
   0   226  0.41   5.3 
   0   231  0.41   5.2 
   0   232  0.42   5.1 
   0   227  0.42   5.3 
   0   224  0.47   5.3 
   0   233  0.43   5.1 
   0   250  0.40   4.8 
   0   263  0.41   4.5 
   0   258  0.43   4.6 
   0   270  0.45   4.4 
   0   248  0.51   4.8 
   0   256  0.58   4.7 
   0   258  0.62   4.6 
   0   269  0.64   4.4 
   0   273  0.65   4.4 
   0   280  0.67   4.3 
   0   286  0.67   4.2 
   0   282  0.68   4.2 
   0   283  0.68   4.2 
   0   286  0.68   4.2 
   0   274  0.67   4.4 
   0   270  0.66   4.4 
   0   271  0.59   4.4 
   0   276  0.61   4.3 
   0   283  0.59   4.2 
   0   280  0.63   4.3 
   0   284  0.70   4.2 
   0   297  0.74   4.0 
   0   276  0.87   4.3 
   0   266  0.92   4.5 
   0   267  0.95   4.5 
   0   275  0.88   4.3 
   0   271  0.88   4.4 
   0   254  0.95   4.7 
   0   262  0.95   4.5 
   0   263  0.92   4.5 
   0   247  1.00   4.8 
   0   250  1.04   4.8 
   0   254  0.99   4.7 
   0   244  0.97   4.9 
   0   232  1.04   5.2 
   0   242  1.09   4.9 
   0   230  1.20   5.2 
   0   229  1.17   5.2 
   0   227  1.26   5.3 
   0   234  1.14   5.1 
   0   239  1.20   5.0 
   0   227  1.34   5.3 
   0   222  1.48   5.4 
   0   233  1.32   5.1 
   0   225  1.37   5.3 
   0   211  1.53   5.7 
   0   225  1.60   5.3 
   0   221  1.64   5.4 
   0   203  1.76   5.9 
   0   222  1.57   5.4 
   0   220  1.66   5.4 
   0   218  1.67   5.5 
   0   204  1.84   5.9 
   0   193  2.06   6.2 
   0   195  1.98   6.1 
   0   197  1.96   6.1 
   0   204  1.91   5.8 
   0   196  2.02   6.1 
   0   192  2.14   6.2 
   0   190  1.91   6.3 
   0   205  2.00   5.8 
   0   193  2.13   6.2 
   0   188  1.99   6.3 
   0   194  2.03   6.2 
   0   192  1.93   6.2 
   0   209  1.75   5.7 
   0   202  1.87   5.9 
   0   192  1.94   6.2 
   0   187  2.15   6.4 
   0   194  2.04   6.1 
   0   187  2.20   6.4 
   0   189  2.14   6.3 
   0   191  2.12   6.3 
   0   180  2.38   6.6 
   0   196  2.15   6.1 
   0   198  2.21   6.0 
   0   189  2.16   6.3 
   0   181  2.26   6.6 
   0   186  2.15   6.4 
   0   184  2.19   6.5 
   0   184  2.20   6.4 
   0   187  2.00   6.4 
   0   182  2.12   6.5 
   0   189  1.95   6.3 
   0   188  1.94   6.3 
   0   179  2.08   6.7 
   0   196  1.77   6.1 
   0   204  1.78   5.8 
   0   179  2.06   6.7 
   0   201  1.72   5.9 
   0   197  1.80   6.0 
   0   193  1.82   6.2 
   0   214  1.62   5.6 
   0   204  1.71   5.8 
   0   202  1.73   5.9 
   0   196  1.70   6.1 
   0   212  1.60   5.6 
   0   209  1.48   5.7 
   0   203  1.60   5.9 
   0   203  1.59   5.9 
   0   206  1.58   5.8 
   0   210  1.52   5.7 
   0   207  1.62   5.8 
   0   206  1.63   5.8 
   0   211  1.55   5.7 
   0   228  1.46   5.2 
   0   224  1.36   5.3 
   0   213  1.43   5.6 
   0   226  1.38   5.3 
   0   231  1.41   5.2 
   0   232  1.31   5.2 
   0   230  1.45   5.2 
   0   234  1.34   5.1 
   0   227  1.42   5.3 
   0   240  1.39   5.0 
   0   228  1.48   5.3 
   0   229  1.33   5.2 
   0   234  1.36   5.1 
   0   239  1.37   5.0 
   0   244  1.22   4.9 
   0   232  1.31   5.2 
   0   238  1.30   5.0 
   0   224  1.31   5.3 
   0   229  1.35   5.2 
   0   235  1.32   5.1 
   0   226  1.30   5.3 
   0   242  1.30   4.9 
   0   249  1.20   4.8 
   0   231  1.25   5.2 
   0   230  1.33   5.2 
   0   235  1.35   5.1 
   0   245  1.22   4.9 
   0   222  1.43   5.4 
   0   233  1.33   5.1 
   0   239  1.21   5.0 
   0   236  1.16   5.0 
   0   241  1.15   5.0 
   0   240  1.13   5.0 
   0   230  1.12   5.2 
   0   253  0.97   4.7 
   0   243  1.05   4.9 
   0   238  1.09   5.0 
   0   221  1.12   5.4 
   0   239  1.05   5.0 
   0   239  1.00   5.0 
   0   247  0.95   4.8 
   0   245  0.95   4.9 
   0   264  0.90   4.5 
   0   259  0.89   4.6 
   0   251  0.92   4.8 
   0   249  0.88   4.8 
   0   243  0.92   4.9 
   0   243  0.92   4.9 
   0   246  0.96   4.8 
   0   256  0.94   4.7 
   0   258  0.93   4.6 
   0   249  0.99   4.8 
   0   245  1.02   4.9 
   0   240  1.07   5.0 
   0   244  1.04   4.9 
   0   247  0.98   4.8 
   0   264  0.97   4.5 
   0   255  0.98   4.7 
   0   249  0.91   4.8 
   0   255  0.91   4.7 
   0   246  0.97   4.9 
   0   260  0.94   4.6 
   0   244  1.01   4.9 
   0   254  0.93   4.7 
   0   253  0.88   4.7 
   0   263  0.92   4.5 
   0   253  0.96   4.7 
   0   257  0.91   4.6 
   0   265  0.89   4.5 
   0   273  0.89   4.4 
   0   257  0.94   4.6 
   0   276  0.92   4.3 
   0   272  0.91   4.4 
   0   270  0.95   4.4 
   0   261  0.93   4.6 
   0   255  0.95   4.7 
   0   256  0.96   4.7 
   0   265  0.88   4.5 
   0   257  0.86   4.6 
   0   250  0.91   4.8 
   0   262  0.85   4.6 
   0   271  0.80   4.4 
   0   268  0.78   4.5 
   0   260  0.85   4.6 
   0   259  0.82   4.6 
   0   260  0.84   4.6 
   0   254  0.90   4.7 
   0   254  0.88   4.7 
   0   247  0.89   4.8 
   0   256  0.85   4.7 
   0   244  0.81   4.9 
   0   267  0.77   4.5 
   0   260  0.78   4.6 
   0   271  0.72   4.4 
   0   267  0.74   4.5 
   0   275  0.72   4.3 
   0   277  0.68   4.3 
   0   272  0.68   4.4 
   0   275  0.60   4.3 
   0   266  0.64   4.5 
   0   282  0.63   4.2 
   0   276  0.65   4.3 
   0   294  0.64   4.1 
   0   302  0.63   4.0 
   0   274  0.67   4.4 
   0   273  0.67   4.4 
   0   280  0.67   4.3 
   0   295  0.67   4.0 
   0   288  0.67   4.2 
   0   276  0.67   4.3 
   0   272  0.72   4.4 
   0   274  0.69   4.4 
   0   281  0.68   4.2 
   0   270  0.73   4.4 
   0   281  0.72   4.2 
   0   269  0.79   4.4 
   0   295  0.75   4.0 
   0   277  0.78   4.3 
   0   254  0.87   4.7 
   0   249  0.88   4.8 
   0   269  0.78   4.5 
   0   263  0.79   4.6 
   0   257  0.79   4.6 
   0   276  0.71   4.3 
   0   276  0.67   4.3 
   0   263  0.78   4.5 
   0   282  0.70   4.2 
   0   272  0.67   4.4 
   0   271  0.71   4.4 
   0   273  0.69   4.4 
   0   278  0.73   4.3 
   0   271  0.77   4.4 
   0   285  0.73   4.2 
   0   280  0.79   4.3 
   0   277  0.75   4.3 
   0   276  0.75   4.3 
   0   272  0.80   4.4 
   0   273  0.73   4.4 
   0   274  0.74   4.3 
   0   264  0.77   4.5 
   0   272  0.77   4.4 
   0   277  0.75   4.3 
   0   261  0.75   4.6 
   0   265  0.70   4.5 
   0   276  0.68   4.3 
   0   258  0.73   4.6 
   0   251  0.66   4.8 
   0   269  0.58   4.4 
   0   262  0.60   4.6 
   0   245  0.59   4.9 
   0   255  0.53   4.7 
   0   242  0.49   4.9 
   0   226  0.59   5.3 
   0   233  0.56   5.1 
   0   241  0.54   5.0 
   0   248  0.51   4.8 
   0   244  0.47   4.9 
   0   241  0.49   4.9 
   0   247  0.49   4.8 
   0   253  0.49   4.7 
   0   265  0.47   4.5 
   0   250  0.50   4.8 
   0   260  0.49   4.6 
   0   249  0.47   4.8 
   0   250  0.49   4.8 
   0   267  0.45   4.5 
   0   308  0.39   3.9 
   0   288  0.44   4.1 
   0   320  0.39   3.7 
   0   333  0.35   3.6 
   0   317  0.37   3.8 
   0   314  0.34   3.8 
   0   361  0.29   3.3 
   0   393  0.30   3.0 
   0   371  0.32   3.2 
   0   343  0.29   3.5 
   0   336  0.28   3.6 
   0   352  0.27   3.4 
   0   348  0.26   3.4 
   0   364  0.25   3.3 
   0   352  0.24   3.4 
   0   333  0.25   3.6 
   0   334  0.26   3.6 
   0   342  0.24   3.5 
   0   274  0.26   4.4 
   0   276  0.25   4.3 
   0   274  0.27   4.3 
   0   283  0.32   4.2 
   0   276  0.37   4.3 
   0   287  0.37   4.2 
   0   272  0.40   4.4 
   0   294  0.38   4.1 
   0   307  0.39   3.9 
   0   296  0.37   4.0 
   0   297  0.38   4.0 
   0   263  0.48   4.6 
   0   248  0.53   4.8 
   0   252  0.56   4.7 
   0   244  0.59   4.9 
   0   257  0.51   4.6 
   0   250  0.50   4.8 
   0   243  0.53   4.9 
   0   255  0.49   4.7 
   0   253  0.44   4.7 
   0   246  0.46   4.8 
   0   265  0.41   4.5 
   0   249  0.43   4.8 
   0   273  0.35   4.4 
   0   260  0.39   4.6 
   0   283  0.39   4.2 
   0   295  0.37   4.0 
   0   277  0.39   4.3 
   0   316  0.38   3.8 
   0   316  0.38   3.8 
   0   315  0.38   3.8 
   0   304  0.37   3.9 
   0   299  0.40   4.0 
   0   337  0.45   3.5 
   0   326  0.51   3.7 
   0   325  0.44   3.7 
   0   311  0.43   3.8 
   0   312  0.39   3.8 
   0   307  0.37   3.9 
   0   312  0.36   3.8 
   0   322  0.34   3.7 
   0   291  0.33   4.1 
   0   301  0.31   4.0 
   0   325  0.31   3.7 
   0   367  0.37   3.3 
   0   368  0.51   3.2 
   0   344  0.63   3.5 
   0   338  0.70   3.5 
   0   299  0.92   4.0 
   0   292  0.99   4.1 
   0   263  1.11   4.5 
   0   258  1.10   4.6 
   0   246  1.20   4.8 
   0   243  1.30   4.9 
   0   248  1.24   4.8 
   0   237  1.40   5.0 
   0   223  1.48   5.3 
   0   241  1.44   5.0 
   0   223  1.55   5.4 
   0   215  1.66   5.5 
   0   202  1.78   5.9 
   0   205  1.72   5.8 
   0   208  1.65   5.8 
   0   208  1.67   5.7 
   0   191  2.01   6.3 
   0   208  1.75   5.7 
   0   200  1.82   6.0 
   0   202  1.65   5.9 
   0   202  1.80   5.9 
   0   194  1.89   6.1 
   0   201  1.70   5.9 
   0   205  1.64   5.8 
   0   208  1.50   5.7 
   0   192  1.64   6.2 
   0   210  1.50   5.7 
   0   211  1.49   5.6 
   0   209  1.48   5.7 
   0   203  1.51   5.9 
   0   211  1.48   5.7 
   0   199  1.62   6.0 
   0   197  1.58   6.1 
   0   194  1.78   6.2 
   0   187  1.87   6.4 
   0   187  1.88   6.4 
   0   183  1.95   6.5 
   0   172  2.11   6.9 
   0   164  2.60   7.3 
   0   152  2.64   7.8 
   0   151  2.80   7.9 
   0   139  3.09   8.5 
   0   141  2.95   8.4 
   0   154  2.84   7.8 
   0   155  2.71   7.7 
   0   150  2.83   8.0 
   0   161  2.45   7.4 
   0   153  2.33   7.8 
   0   140  2.33   8.5 
   0   154  2.28   7.7 
   0   155  2.10   7.7 
   0   156  1.79   7.6 
   0   157  1.71   7.6 
   0   150  1.70   7.9 
   0   158  1.61   7.6 
   0   142  1.69   8.4 
   0   160  1.41   7.4 
   0   161  1.43   7.4 
   0   162  1.32   7.4 
   0   157  1.29   7.6 
   0   156  1.29   7.6 
   0   155  1.29   7.7 
   0   162  1.11   7.4 
   0   166  1.11   7.2 
   0   154  1.22   7.8 
   0   159  1.07   7.5 
   0   146  1.16   8.1 
   0   156  1.15   7.6 
   0   166  0.99   7.2 
   0   173  1.00   6.9 
   0   162  1.01   7.3 
   0   170  1.05   7.0 
   0   167  1.03   7.1 
   0   172  0.99   6.9 
   0   164  1.09   7.3 
   0   170  1.10   7.0 
   0   176  1.06   6.8 
   0   172  1.07   7.0 
   0   152  1.21   7.8 
   0   176  1.07   6.8 
   0   177  1.02   6.7 
   0   168  1.09   7.1 
   0   164  1.13   7.3 
   0   164  1.15   7.2 
   0   171  1.20   7.0 
   0   175  1.15   6.8 
   0   184  1.07   6.5 
   0   176  1.23   6.8 
   0   187  1.12   6.4 
   0   205  1.33   5.8 
   0   207  1.57   5.8 
   0   212  1.60   5.6 
   0   219  1.53   5.5 
   0   201  1.79   5.9 
   0   198  1.91   6.0 
   0   225  1.64   5.3 
   0   210  1.73   5.7 
   0   211  1.72   5.6 
   0   216  1.63   5.5 
   0   203  1.90   5.9 
   0   219  1.57   5.5 
   0   206  1.70   5.8 
   0   217  1.57   5.5 
   0   226  1.46   5.3 
   0   228  1.38   5.2 
   0   230  1.40   5.2 
   0   229  1.37   5.2 
   0   235  1.23   5.1 
   0   223  1.38   5.4 
   0   221  1.36   5.4 
   0   232  1.25   5.2 
   0   230  1.29   5.2 
   0   240  1.20   5.0 
   0   238  1.25   5.0 
   0   242  1.16   5.0 
   0   248  1.10   4.8 
   0   240  1.16   5.0 
   0   243  1.13   4.9 
   0   254  1.09   4.7 
   0   247  1.09   4.8 
   0   253  1.02   4.7 
   0   261  0.96   4.6 
   0   256  0.98   4.7 
   0   265  1.00   4.5 
   0   256  1.06   4.7 
   0   261  1.01   4.6 
   0   252  0.95   4.7 
   0   257  0.94   4.7 
   0   251  0.98   4.8 
   0   259  0.90   4.6 
   0   260  0.88   4.6 
   0   262  0.87   4.6 
   0   260  0.93   4.6 
   0   266  0.85   4.5 
   0   253  0.89   4.7 
   0   254  0.93   4.7 
   0   266  0.92   4.5 
   0   262  0.97   4.6 
   0   264  0.92   4.5 
   0   275  0.84   4.4 
   0   262  0.92   4.6 
   0   256  1.00   4.6 
   0   257  1.02   4.7 
   0   239  1.10   5.0 
   0   248  1.10   4.8 
   0   242  1.15   4.9 
   0   251  1.08   4.8 
   0   261  1.07   4.6 
   0   254  1.07   4.7 
   0   252  1.03   4.7 
   0   262  0.98   4.5 
   0   244  1.03   4.9 
   0   263  0.98   4.5 
   0   263  0.97   4.5 
   0   254  1.03   4.7 
   0   260  0.96   4.6 
   0   267  0.90   4.5 
   0   256  1.00   4.7 
   0   267  0.91   4.5 
   0   256  0.95   4.7 
   0   255  1.00   4.7 
   0   264  0.91   4.5 
   0   259  0.87   4.6 
   0   265  0.82   4.5 
   0   254  0.88   4.7 
   0   256  0.90   4.7 
   0   241  0.98   5.0 
   0   255  0.88   4.7 
   0   247  0.90   4.8 
   0   249  0.96   4.8 
   0   256  0.97   4.7 
   0   253  0.95   4.7 
   0   248  0.99   4.8 
   0   246  1.00   4.8 
   0   260  1.01   4.6 
   0   251  0.98   4.8 
   0   253  1.03   4.7 
   0   257  0.94   4.7 
   0   256  0.97   4.7 
   0   255  0.99   4.7 
   0   258  0.98   4.6 
   0   250  1.05   4.8 
   0   246  1.06   4.9 
   0   243  1.13   4.9 
   0   253  1.11   4.7 
   0   249  1.13   4.8 
   0   259  1.06   4.6 
   0   247  1.14   4.8 
   0   253  1.05   4.7 
   0   254  1.09   4.7 
   0   243  1.14   4.9 
   0   255  1.04   4.7 
   0   255  1.04   4.7 
   0   261  1.03   4.6 
   0   253  1.05   4.7 
   0   257  1.01   4.7 
   0   236  1.07   5.1 
   0   248  1.07   4.8 
   0   246  1.08   4.9 
   0   250  1.07   4.8 
   0   236  1.13   5.1 
   0   237  1.09   5.0 
   0   247  0.99   4.9 
   0   249  0.99   4.8 
   0   246  1.02   4.8 
   0   252  0.94   4.7 
   0   252  0.91   4.7 
   0   270  0.83   4.4 
   0   266  0.81   4.5 
   0   254  0.88   4.7 
   0   259  0.85   4.6 
   0   252  0.83   4.7 
   0   248  0.89   4.8 
   0   257  0.80   4.6 
   0   272  0.77   4.4 
   0   265  0.76   4.5 
   0   263  0.78   4.5 
   0   273  0.72   4.4 
   0   259  0.76   4.6 
   0   261  0.73   4.6 
   0   275  0.69   4.3 
   0   263  0.69   4.5 
   0   261  0.72   4.6 
   0   257  0.73   4.7 
   0   279  0.68   4.3 
   0   272  0.67   4.4 
   0   288  0.62   4.1 
   0   270  0.71   4.4 
   0   280  0.65   4.3 
   0   279  0.65   4.3 
   0   276  0.68   4.3 
   0   278  0.66   4.3 
   0   280  0.70   4.3 
   0   284  0.70   4.2 
   0   280  0.75   4.3 
   0   270  0.74   4.4 
   0   257  0.74   4.6 
   0   268  0.67   4.4 
   0   276  0.69   4.3 
   0   272  0.71   4.4 
   0   269  0.72   4.4 
   0   266  0.73   4.5 
   0   287  0.67   4.2 
   0   278  0.67   4.3 
   0   285  0.68   4.2 
   0   283  0.62   4.2 
   0   266  0.65   4.5 
   0   272  0.65   4.4 
   0   257  0.68   4.6 
   0   263  0.64   4.5 
   0   270  0.66   4.4 
   0   275  0.59   4.3 
   0   276  0.59   4.3 
   0   264  0.65   4.5 
   0   262  0.67   4.6 
   0   277  0.67   4.3 
   0   276  0.71   4.3 
   0   285  0.69   4.2 
   0   296  0.70   4.0 
   0   293  0.70   4.1 
   0   294  0.75   4.1 
   0   292  0.74   4.1 
   0   290  0.73   4.1 
   0   288  0.75   4.2 
   0   286  0.74   4.2 
   0   277  0.82   4.3 
   0   272  0.83   4.4 
   0   260  0.88   4.6 
   0   249  0.97   4.8 
   0   240  1.11   5.0 
   0   232  1.16   5.1 
   0   232  1.22   5.1 
   0   229  1.23   5.2 
   0   229  1.26   5.2 
   0   223  1.29   5.4 
   0   218  1.34   5.5 
   0   219  1.38   5.5 
   0   217  1.37   5.5 
   0   216  1.37   5.5 
   0   227  1.29   5.3 
   0   216  1.43   5.5 
   0   213  1.40   5.6 
   0   217  1.48   5.5 
   0   200  1.43   6.0 
   0   219  1.33   5.5 
   0   214  1.51   5.6 
   0   202  1.58   5.9 
   0   212  1.46   5.6 
   0   220  1.40   5.4 
   0   213  1.49   5.6 
   0   212  1.40   5.6 
   0   211  1.43   5.7 
   0   206  1.48   5.8 
   0   195  1.47   6.1 
   0   207  1.43   5.7 
   0   206  1.41   5.8 
   0   210  1.34   5.7 
   0   192  1.50   6.2 
   0   193  1.47   6.2 
   0   215  1.31   5.5 
   0   210  1.27   5.7 
   0   201  1.31   5.9 
   0   198  1.37   6.0 
   0   208  1.24   5.7 
   0   209  1.28   5.7 
   0   190  1.27   6.3 
   0   188  1.21   6.4 
   0   180  1.22   6.6 
   0   187  1.20   6.4 
   0   170  1.20   7.0 
   0   158  1.36   7.6 
   0   166  1.20   7.2 
   0   162  1.22   7.3 
   0   162  1.18   7.3 
   0   162  1.15   7.4 
   0   160  1.19   7.4 
   0   160  1.22   7.5 
   0   160  1.18   7.4 
   0   149  1.35   8.0 
   0   147  1.24   8.1 
   0   146  1.26   8.1 
   0   145  1.24   8.2 
   0   141  1.31   8.4 
   0   143  1.33   8.3 
   0   138  1.38   8.6 
   0   133  1.34   8.9 
   0   131  1.45   9.1 
   0   136  1.35   8.7 
   0   142  1.39   8.4 
   0   143  1.41   8.3 
   0   136  1.61   8.7 
   0   152  1.28   7.9 
   0   149  1.40   8.0 
   0   150  1.54   7.9 
   0   160  1.51   7.4 
   0   184  1.60   6.5 
   0   183  1.81   6.5 
   0   190  1.75   6.3 
   0   196  1.66   6.1 
   0   203  1.79   5.9 
   0   211  1.82   5.7 
   0   211  1.75   5.6 
   0   205  1.72   5.8 
   0   197  1.93   6.1 
   0   197  2.05   6.1 
   0   193  2.05   6.2 
   0   196  2.04   6.1 
   0   197  2.05   6.1 
   0   184  2.25   6.5 
   0   182  2.22   6.5 
   0   192  2.01   6.2 
   0   189  2.12   6.3 
   0   187  2.21   6.4 
   0   183  2.22   6.5 
   0   200  1.91   6.0 
   0   195  2.06   6.1 
   0   187  2.09   6.4 
   0   206  1.84   5.8 
   0   198  1.87   6.0 
   0   188  2.03   6.3 
   0   194  1.94   6.2 
   0   188  1.99   6.4 
   0   201  1.78   5.9 
   0   199  1.85   6.0 
   0   194  1.78   6.2 
   0   202  1.59   5.9 
   0   211  1.62   5.7 
   0   204  1.72   5.9 
   0   205  1.72   5.8 
   0   206  1.66   5.8 
   0   206  1.60   5.8 
   0   224  1.55   5.3 
   0   212  1.64   5.6 
   0   223  1.55   5.4 
   0   217  1.43   5.5 
   0   219  1.39   5.4 
   0   218  1.50   5.5 
   0   220  1.47   5.4 
   0   234  1.43   5.1 
   0   221  1.47   5.4 
   0   214  1.56   5.6 
   0   228  1.49   5.2 
   0   227  1.46   5.3 
   0   214  1.46   5.6 
   0   217  1.42   5.5 
   0   223  1.41   5.3 
   0   227  1.35   5.3 
   0   221  1.42   5.4 
   0   226  1.31   5.3 
   0   227  1.26   5.3 
   0   235  1.20   5.1 
   0   222  1.23   5.4 
   0   236  1.16   5.0 
   0   233  1.18   5.1 
   0   234  1.13   5.1 
   0   223  1.20   5.3 
   0   224  1.22   5.3 
   0   225  1.12   5.3 
   0   220  1.25   5.4 
   0   241  1.05   5.0 
   0   235  1.09   5.1 
   0   243  1.06   4.9 
   0   224  1.03   5.3 
   0   227  1.00   5.3 
   0   230  0.95   5.2 
   0   227  0.97   5.3 
   0   225  0.96   5.3 
   0   233  0.94   5.1 
   0   243  0.94   4.9 
   0   245  0.86   4.9 
   0   230  0.92   5.2 
   0   243  0.97   4.9 
   0   251  0.96   4.8 
   0   236  1.02   5.1 
   0   244  0.99   4.9 
   0   240  0.93   5.0 
   0   238  0.89   5.0 
   0   243  0.97   4.9 
   0   238  0.91   5.0 
   0   255  0.91   4.7 
   0   275  0.86   4.3 
   0   254  0.90   4.7 
   0   256  0.87   4.7 
   0   240  0.87   5.0 
   0   246  0.86   4.9 
   0   257  0.85   4.6 
   0   267  0.82   4.5 
   0   256  0.87   4.7 
   0   273  0.85   4.4 
   0   270  0.88   4.4 
   0   270  0.86   4.4 
   0   266  0.87   4.5 
   0   263  0.87   4.5 
   0   262  0.85   4.6 
   0   274  0.81   4.4 
   0   263  0.87   4.5 
   0   284  0.81   4.2 
   0   282  0.82   4.2 
   0   253  0.86   4.7 
   0   272  0.79   4.4 
   0   273  0.81   4.4 
   0   270  0.84   4.4 
   0   266  0.87   4.5 
   0   257  0.89   4.6 
   0   253  0.93   4.7 
   0   266  0.86   4.5 
   0   262  0.92   4.6 
   0   260  1.01   4.6 
   0   255  1.02   4.7 
   0   247  1.09   4.8 
   0   243  1.17   4.9 
   0   257  1.15   4.7 
   0   235  1.35   5.1 
   0   232  1.42   5.1 
   0   224  1.57   5.3 
   0   240  1.38   5.0 
   0   229  1.40   5.2 
   0   230  1.49   5.2 
   0   219  1.51   5.4 
   0   225  1.60   5.3 
   0   223  1.62   5.3 
   0   216  1.59   5.5 
   0   235  1.50   5.1 
   0   219  1.55   5.4 
   0   230  1.51   5.2 
   0   218  1.65   5.5 
   0   234  1.49   5.1 
   0   242  1.34   4.9 
   0   225  1.43   5.3 
   0   225  1.38   5.3 
   0   238  1.28   5.0 
   0   231  1.33   5.2 
   0   230  1.23   5.2 
   0   240  1.28   5.0 
   0   232  1.30   5.1 
   0   238  1.23   5.0 
   0   238  1.17   5.0 
   0   244  1.15   4.9 
   0   241  1.16   5.0 
   0   238  1.20   5.0 
   0   252  1.08   4.7 
   0   241  1.17   5.0 
   0   239  1.27   5.0 
   0   244  1.14   4.9 
   0   251  1.06   4.8 
   0   240  1.16   5.0 
   0   244  1.16   4.9 
   0   251  1.08   4.8 
   0   245  1.17   4.9 
   0   238  1.14   5.0 
   0   240  1.17   5.0 
   0   238  1.24   5.0 
   0   239  1.30   5.0 
   0   234  1.29   5.1 
   0   238  1.23   5.0 
   0   226  1.25   5.3 
   0   238  1.13   5.0 
   0   238  1.08   5.0 
   0   231  1.16   5.2 
   0   255  1.02   4.7 
   0   241  1.19   5.0 
   0   247  1.11   4.8 
   0   232  1.22   5.1 
   0   225  1.23   5.3 
   0   234  1.23   5.1 
   0   237  1.16   5.0 
   0   232  1.12   5.1 
   0   234  1.04   5.1 
   0   243  1.04   4.9 
   0   232  1.14   5.2 
   0   236  1.03   5.1 
   0   217  1.19   5.5 
   0   234  1.09   5.1 
   0   235  1.06   5.1 
   0   233  1.09   5.1 
   0   226  1.14   5.3 
   0   232  1.11   5.1 
   0   231  1.10   5.2 
   0   225  1.06   5.3 
   0   228  1.12   5.2 
   0   224  1.05   5.3 
   0   232  1.00   5.1 
   0   239  1.01   5.0 
   0   229  1.02   5.2 
   0   238  0.92   5.0 
   0   230  0.95   5.2 
   0   240  0.90   5.0 
   0   239  0.87   5.0 
   0   225  0.87   5.3 
   0   245  0.83   4.9 
   0   241  0.83   4.9 
   0   251  0.77   4.8 
   0   234  0.74   5.1 
   0   231  0.76   5.2 
   0   219  0.81   5.5 
   0   237  0.69   5.0 
   0   230  0.76   5.2 
   0   224  0.76   5.3 
   0   233  0.70   5.1 
   0   211  0.82   5.6 
   0   229  0.69   5.2 
   0   227  0.69   5.3 
   0   208  0.80   5.7 
   0   223  0.67   5.4 
   0   220  0.70   5.4 
   0   215  0.68   5.6 
   0   238  0.59   5.0 
   0   233  0.60   5.1 
   0   244  0.54   4.9 
   0   262  0.49   4.6 
   0   242  0.57   4.9 
   0   259  0.50   4.6 
   0   243  0.50   4.9 
   0   253  0.46   4.7 
   0   275  0.43   4.4 
   0   282  0.40   4.2 
   0   274  0.39   4.4 
   0   292  0.40   4.1 
   0   307  0.36   3.9 
   0   280  0.38   4.3 
   0   298  0.32   4.0 
   0   289  0.32   4.1 
   0   281  0.32   4.3 
   0   335  0.29   3.6 
   0   341  0.30   3.5 
   0   345  0.30   3.5 
   0   342  0.29   3.3 
   0   356  0.30   3.4 
   0   371  0.30   3.2 
   0   398  0.29   3.0 
   0   386  0.29   3.1 
   0   392  0.31   3.1 
   0   402  0.29   3.0 
   0   417  0.28   2.9 
   0   403  0.28   3.0 
   0   390  0.27   3.1 
   0   413  0.24   2.9 
   0   370  0.26   3.2 
   0   342  0.24   3.5 
   0   326  0.23   3.7 
   0   316  0.21   3.8 
   0   275  0.23   4.3 
   0   259  0.27   4.6 
   0   257  0.24   4.7 
   0   252  0.28   4.7 
   0   285  0.31   4.2 
   0   356  0.46   3.4 
   0   319  0.65   3.7 
   0   292  0.81   4.1 
   0   282  0.90   4.2 
   0   267  0.98   4.5 
   0   259  1.07   4.6 
   0   261  1.01   4.6 
   0   268  0.94   4.5 
   0   274  0.90   4.4 
   0   273  0.86   4.4 
   0   271  0.90   4.4 
   0   264  0.91   4.5 
   0   254  0.98   4.7 
   0   270  0.88   4.4 
   0   278  0.82   4.3 
   0   275  0.89   4.4 
   0   271  0.86   4.4 
   0   265  0.82   4.5 
   0   284  0.75   4.2 
   0   295  0.70   4.0 
   0   306  0.75   3.9 
   0   292  0.77   4.1 
   0   297  0.80   4.0 
   0   279  0.93   4.3 
   0   271  0.98   4.4 
   0   258  1.04   4.6 
   0   247  1.09   4.8 
   0   252  1.09   4.7 
   0   247  1.13   4.8 
   0   256  1.05   4.7 
   0   263  1.01   4.5 
   0   251  1.03   4.8 
   0   260  1.02   4.6 
   0   265  0.98   4.5 
   0   261  0.93   4.5 
   0   254  1.02   4.7 
   0   268  0.98   4.5 
   0   264  1.00   4.5 
   0   255  1.03   4.7 
   0   236  1.13   5.1 
   0   238  1.14   5.0 
   0   233  1.17   5.1 
   0   243  1.04   4.9 
   0   235  1.05   5.1 
   0   246  1.00   4.9 
   0   231  1.01   5.2 
   0   252  0.87   4.7 
   0   234  0.95   5.1 
   0   234  0.99   5.1 
   0   249  0.89   4.8 
   0   250  0.95   4.8 
   0   238  0.90   5.0 
   0   235  0.91   5.1 
   0   228  0.99   5.3 
   0   238  1.01   5.0 
   0   232  1.05   5.1 
   0   253  0.90   4.7 
   0   249  0.96   4.8 
   0   247  0.98   4.8 
   0   256  1.01   4.7 
   0   253  0.95   4.7 
   0   259  1.01   4.6 
   0   246  1.08   4.9 
   0   265  1.02   4.5 
   0   243  1.09   4.9 
   0   239  1.08   5.0 
   0   239  1.09   5.0 
   0   237  1.06   5.0 
   0   234  1.11   5.1 
   0   238  1.14   5.0 
   0   252  1.06   4.7 
   0   244  1.07   4.9 
   0   237  1.05   5.0 
   0   240  1.10   5.0 
   0   241  0.99   5.0 
   0   235  1.14   5.1 
   0   243  1.07   4.9 
   0   244  1.10   4.9 
   0   233  1.15   5.1 
   0   238  1.12   5.0 
   0   234  1.12   5.1 
   0   232  1.11   5.2 
   0   244  1.08   4.9 
   0   245  1.03   4.9 
   0   222  1.18   5.4 
   0   234  1.25   5.1 
   0   221  1.49   5.4 
   0   207  1.67   5.8 
   0   199  1.86   6.0 
   0   202  1.91   5.9 
   0   185  2.13   6.5 
   0   190  2.01   6.3 
   0   186  2.13   6.4 
   0   183  2.09   6.5 
   0   209  1.85   5.7 
   0   184  2.20   6.5 
   0   207  1.79   5.8 
   0   201  2.01   5.9 
   0   185  2.14   6.4 
   0   203  1.80   5.9 
   0   201  1.93   5.9 
   0   211  1.70   5.6 
   0   201  1.90   5.9 
   0   197  1.81   6.1 
   0   196  1.85   6.1 
   0   210  1.70   5.7 
   0   221  1.63   5.4 
   0   200  1.68   6.0 
   0   204  1.68   5.8 
   0   215  1.52   5.6 
   0   202  1.66   5.9 
   0   220  1.40   5.4 
   0   229  1.43   5.2 
   0   217  1.47   5.5 
   0   220  1.39   5.4 
   0   226  1.42   5.3 
   0   224  1.47   5.3 
   0   210  1.55   5.6 
   0   227  1.52   5.3 
   0   225  1.56   5.3 
   0   220  1.59   5.4 
   0   220  1.54   5.4 
   0   217  1.49   5.5 
   0   212  1.45   5.6 
   0   211  1.38   5.7 
   0   224  1.29   5.3 
   0   221  1.39   5.4 
   0   211  1.39   5.7 
   0   224  1.37   5.3 
   0   219  1.40   5.4 
   0   226  1.45   5.3 
   0   223  1.43   5.4 
   0   218  1.46   5.5 
   0   203  1.62   5.9 
   0   221  1.38   5.4 
   0   208  1.45   5.7 
   0   224  1.47   5.3 
   0   217  1.49   5.5 
   0   204  1.62   5.9 
   0   203  1.50   5.9 
   0   211  1.49   5.7 
   0   201  1.56   6.0 
   0   222  1.47   5.4 
